"DESCRIPTION","DURATION IN MS","NAME","PARENT SUITE","START TIME","STATUS","STOP TIME","SUB SUITE","SUITE","TEST CLASS","TEST METHOD"
"Validate correct layout and behavior of the 'Setup acquirer MID' dialog.","6711","verifyDefaultValuesInAcquirerMidDialogAndClose","suite name","Sat Sep 13 13:43:28 GMT 2025","passed","Sat Sep 13 13:43:35 GMT 2025","xyz.npgw.test.run.AcquirersPageTest","test name","xyz.npgw.test.run.AcquirersPageTest","verifyDefaultValuesInAcquirerMidDialogAndClose"
"Compare number of transactions with selected statuses in the table before and after filter","39411","testFilterByStatus","suite name","Sat Sep 13 13:40:46 GMT 2025","passed","Sat Sep 13 13:41:25 GMT 2025","xyz.npgw.test.run.TransactionsTableTest","test name","xyz.npgw.test.run.TransactionsTableTest","testFilterByStatus"
"Add a new user and verify that all fields, statuses, and icons are correctly displayed.","10928","testAddCompanyAnalyst","suite name","Sat Sep 13 13:47:26 GMT 2025","passed","Sat Sep 13 13:47:37 GMT 2025","xyz.npgw.test.run.TeamPageTest","test name","xyz.npgw.test.run.TeamPageTest","testAddCompanyAnalyst"
"Verify that users can be sorted in reverse alphabetical order","5739","testCheckSortingListOfUsersReverse","suite name","Sat Sep 13 13:48:07 GMT 2025","passed","Sat Sep 13 13:48:13 GMT 2025","xyz.npgw.test.run.TeamPageTest","test name","xyz.npgw.test.run.TeamPageTest","testCheckSortingListOfUsersReverse"
"Verify, that date picker contains default value before and after reset filter","3150","testResetDataAsTestUser","suite name","Sat Sep 13 13:56:00 GMT 2025","passed","Sat Sep 13 13:56:03 GMT 2025","xyz.npgw.test.run.UserTransactionsPageTest","test name","xyz.npgw.test.run.UserTransactionsPageTest","testResetDataAsTestUser"
"Verify that 'NPGW reference' and 'Business unit reference' fields appear when clicking on 'Trx IDs'.","1585","testSearchOptionsVisibleAfterClickingTrxIdsAsUser","suite name","Sat Sep 13 13:56:24 GMT 2025","passed","Sat Sep 13 13:56:25 GMT 2025","xyz.npgw.test.run.UserTransactionsPageTest","test name","xyz.npgw.test.run.UserTransactionsPageTest","testSearchOptionsVisibleAfterClickingTrxIdsAsUser"
"Validates successful business unit addition to company","8192","testAddBusinessUnit","suite name","Sat Sep 13 13:52:01 GMT 2025","passed","Sat Sep 13 13:52:09 GMT 2025","xyz.npgw.test.run.CompaniesAndBusinessUnitsTest","test name","xyz.npgw.test.run.CompaniesAndBusinessUnitsTest","testAddBusinessUnit"
"Verify that user can see 'Card type' options","2866","testTheVisibilityOfTheCardTypeOptionsAsAdmin","suite name","Sat Sep 13 13:56:15 GMT 2025","passed","Sat Sep 13 13:56:18 GMT 2025","xyz.npgw.test.run.AdminTransactionsPageTest","test name","xyz.npgw.test.run.AdminTransactionsPageTest","testTheVisibilityOfTheCardTypeOptionsAsAdmin"
"Verify, that 'Reset filter' button change 'Status' to default value (ALL)","18450","testResetStatusAsUser","suite name","Sat Sep 13 13:56:05 GMT 2025","passed","Sat Sep 13 13:56:23 GMT 2025","xyz.npgw.test.run.UserTransactionsPageTest","test name","xyz.npgw.test.run.UserTransactionsPageTest","testResetStatusAsUser"
"Verify that company cannot be deleted if there are users assigned to it","12593","testCannotDeleteCompanyWithAssignedUser","suite name","Sat Sep 13 13:50:54 GMT 2025","passed","Sat Sep 13 13:51:07 GMT 2025","xyz.npgw.test.run.CompaniesAndBusinessUnitsTest","test name","xyz.npgw.test.run.CompaniesAndBusinessUnitsTest","testCannotDeleteCompanyWithAssignedUser"
"Verify that the user can switch to the light theme","1793","testLightColorThemeSwitch","suite name","Sat Sep 13 13:54:17 GMT 2025","passed","Sat Sep 13 13:54:19 GMT 2025","xyz.npgw.test.run.HeaderTest","test name","xyz.npgw.test.run.HeaderTest","testLightColorThemeSwitch"
"Error is displayed when trying to create a company with special characters in the name.","2522","testErrorIsDisplayedWhenCreatingCompanyWithSpecialCharacters","suite name","Sat Sep 13 13:51:25 GMT 2025","passed","Sat Sep 13 13:51:28 GMT 2025","xyz.npgw.test.run.CompaniesAndBusinessUnitsTest","test name","xyz.npgw.test.run.CompaniesAndBusinessUnitsTest","testErrorIsDisplayedWhenCreatingCompanyWithSpecialCharacters"
"Reset Amount Values","4441","testResetAmountValuesAsUser","suite name","Sat Sep 13 13:55:41 GMT 2025","passed","Sat Sep 13 13:55:46 GMT 2025","xyz.npgw.test.run.UserTransactionsPageTest","test name","xyz.npgw.test.run.UserTransactionsPageTest","testResetAmountValuesAsUser"
"Verify company analyst can be deleted","11783","testDeleteCompanyAnalyst","suite name","Sat Sep 13 13:51:08 GMT 2025","passed","Sat Sep 13 13:51:20 GMT 2025","xyz.npgw.test.run.TeamPageTest","test name","xyz.npgw.test.run.TeamPageTest","testDeleteCompanyAnalyst"
"Verify, that 'Reset filter' button change 'Card Type' to default value (ALL)","5052","testResetCardTypeAsUser","suite name","Sat Sep 13 13:55:46 GMT 2025","passed","Sat Sep 13 13:55:51 GMT 2025","xyz.npgw.test.run.UserTransactionsPageTest","test name","xyz.npgw.test.run.UserTransactionsPageTest","testResetCardTypeAsUser"
"Verify that the Company admin can see all the company's business units in the Business unit dropdown list","1704","testTheVisibilityOfTheAvailableBusinessUnitOptionsAsUser","suite name","Sat Sep 13 13:56:26 GMT 2025","passed","Sat Sep 13 13:56:28 GMT 2025","xyz.npgw.test.run.UserTransactionsPageTest","test name","xyz.npgw.test.run.UserTransactionsPageTest","testTheVisibilityOfTheAvailableBusinessUnitOptionsAsUser"
"Verifies that the status radio buttons ('Active' and 'Inactive') toggle correctly.","5832","testToggleStatusRadioButtonsCorrectly","suite name","Sat Sep 13 13:42:16 GMT 2025","passed","Sat Sep 13 13:42:22 GMT 2025","xyz.npgw.test.run.AcquirersPageTest","test name","xyz.npgw.test.run.AcquirersPageTest","testToggleStatusRadioButtonsCorrectly"
"Check password policy validation error messages when changing password in user menu","17636","testChangePasswordValidationMessages","suite name","Sat Sep 13 13:53:53 GMT 2025","passed","Sat Sep 13 13:54:11 GMT 2025","xyz.npgw.test.run.HeaderTest","test name","xyz.npgw.test.run.HeaderTest","testChangePasswordValidationMessages"
"Verify default filter state was applied once reset","3376","testResetAppliedFilter","suite name","Sat Sep 13 13:51:29 GMT 2025","passed","Sat Sep 13 13:51:32 GMT 2025","xyz.npgw.test.run.CompaniesAndBusinessUnitsTest","test name","xyz.npgw.test.run.CompaniesAndBusinessUnitsTest","testResetAppliedFilter"
"User navigate to 'Dashboard page' after login","544","testNavigateToDashboardAfterLogin","suite name","Sat Sep 13 13:56:24 GMT 2025","passed","Sat Sep 13 13:56:24 GMT 2025","xyz.npgw.test.run.DashboardPageTest","test name","xyz.npgw.test.run.DashboardPageTest","testNavigateToDashboardAfterLogin"
"Close button with no changes performed","0","testClickCloseButtonWithNoChanges","suite name","Sat Sep 13 13:39:16 GMT 2025","unknown","Sat Sep 13 13:39:16 GMT 2025","xyz.npgw.test.run.TransactionManagementPageTest","test name","xyz.npgw.test.run.TransactionManagementPageTest","testClickCloseButtonWithNoChanges"
"Verify that the color theme matching with the default browser theme","523","testDefaultThemeMatching","suite name","Sat Sep 13 13:54:16 GMT 2025","passed","Sat Sep 13 13:54:17 GMT 2025","xyz.npgw.test.run.HeaderTest","test name","xyz.npgw.test.run.HeaderTest","testDefaultThemeMatching"
"Correct transaction summary is displayed on Dashboard page","8410","testTransactionSummary","suite name","Sat Sep 13 13:56:31 GMT 2025","passed","Sat Sep 13 13:56:39 GMT 2025","xyz.npgw.test.run.DashboardPageTest","test name","xyz.npgw.test.run.DashboardPageTest","testTransactionSummary"
"Filtering transactions by Amount","11254","testFilterTransactionsByAmount","suite name","Sat Sep 13 13:41:27 GMT 2025","passed","Sat Sep 13 13:41:38 GMT 2025","xyz.npgw.test.run.TransactionsTableTest","test name","xyz.npgw.test.run.TransactionsTableTest","testFilterTransactionsByAmount"
"Verifies that the Acquirers table displays correct data for the selected acquirer and shows relevant action buttons.","6832","testDisplaySingleRowWhenAcquirerIsSelected","suite name","Sat Sep 13 13:40:12 GMT 2025","passed","Sat Sep 13 13:40:19 GMT 2025","xyz.npgw.test.run.AcquirersPageTest","test name","xyz.npgw.test.run.AcquirersPageTest","testDisplaySingleRowWhenAcquirerIsSelected"
"Verifies that the status radio buttons ('Active' and 'Inactive') toggle correctly.","5064","testToggleStatusRadioButtonsCorrectly","suite name","Sat Sep 13 13:42:23 GMT 2025","passed","Sat Sep 13 13:42:28 GMT 2025","xyz.npgw.test.run.AcquirersPageTest","test name","xyz.npgw.test.run.AcquirersPageTest","testToggleStatusRadioButtonsCorrectly"
"Verify, that 'Reset filter' button change 'Status' (two options are checked) to default value ( ALL)","0","testResetMultiStatus","suite name","Sat Sep 13 13:39:16 GMT 2025","unknown","Sat Sep 13 13:39:16 GMT 2025","xyz.npgw.test.run.TransactionsPageTest","test name","xyz.npgw.test.run.TransactionsPageTest","testResetMultiStatus"
"Add a new company analyst as company admin and verify all fields, statuses, and icons","7326","testAddCompanyAnalystAsAdmin","suite name","Sat Sep 13 13:49:56 GMT 2025","passed","Sat Sep 13 13:50:04 GMT 2025","xyz.npgw.test.run.AdminTeamPageTest","test name","xyz.npgw.test.run.AdminTeamPageTest","testAddCompanyAnalystAsAdmin"
"Verify that user can see selector Status Options","2611","testTheVisibilityOfTheStatusSelectorOptionsAsAdmin","suite name","Sat Sep 13 13:56:20 GMT 2025","passed","Sat Sep 13 13:56:23 GMT 2025","xyz.npgw.test.run.AdminTransactionsPageTest","test name","xyz.npgw.test.run.AdminTransactionsPageTest","testTheVisibilityOfTheStatusSelectorOptionsAsAdmin"
"Deactivate and activate company admin under company admin","17940","testDeactivateAndActivateCompanyUserAsAdmin","suite name","Sat Sep 13 13:50:32 GMT 2025","passed","Sat Sep 13 13:50:50 GMT 2025","xyz.npgw.test.run.AdminTeamPageTest","test name","xyz.npgw.test.run.AdminTeamPageTest","testDeactivateAndActivateCompanyUserAsAdmin"
"Verify Acquirer status 'Active/Inactive' is displayed in column 'Status'","12007","testVerifyAcquirerStatus","suite name","Sat Sep 13 13:43:03 GMT 2025","passed","Sat Sep 13 13:43:15 GMT 2025","xyz.npgw.test.run.AcquirersPageTest","test name","xyz.npgw.test.run.AcquirersPageTest","testVerifyAcquirerStatus"
"Filter controls by type","5042","testFilterControlsByType","suite name","Sat Sep 13 13:45:39 GMT 2025","passed","Sat Sep 13 13:45:44 GMT 2025","xyz.npgw.test.run.FraudControlTest","test name","xyz.npgw.test.run.FraudControlTest","testFilterControlsByType"
"Download files: PDF, Excel, CSV","0","testDownloadFiles","suite name","Sat Sep 13 13:39:16 GMT 2025","unknown","Sat Sep 13 13:39:16 GMT 2025","xyz.npgw.test.run.TransactionsPageTest","test name","xyz.npgw.test.run.TransactionsPageTest","testDownloadFiles"
"Refund button is visible only for transactions with status 'SUCCESS'","14282","testRefundButtonVisibility","suite name","Sat Sep 13 13:42:50 GMT 2025","passed","Sat Sep 13 13:43:04 GMT 2025","xyz.npgw.test.run.TransactionsTableTest","test name","xyz.npgw.test.run.TransactionsTableTest","testRefundButtonVisibility"
"Error message is displayed when start date is after end date.","13550","testErrorMessageForReversedDateRange","suite name","Sat Sep 13 13:52:08 GMT 2025","passed","Sat Sep 13 13:52:21 GMT 2025","xyz.npgw.test.run.TransactionsPageTest","test name","xyz.npgw.test.run.TransactionsPageTest","testErrorMessageForReversedDateRange"
"Verify required field states, placeholders, and button state in empty 'Add Company' form.","5227","testAddCompanyFormValidationWhenEmpty","suite name","Sat Sep 13 13:50:42 GMT 2025","passed","Sat Sep 13 13:50:47 GMT 2025","xyz.npgw.test.run.CompaniesAndBusinessUnitsTest","test name","xyz.npgw.test.run.CompaniesAndBusinessUnitsTest","testAddCompanyFormValidationWhenEmpty"
"Verify Minimum and Maximum Password Length Restrictions (negative)","3229","testPasswordLengthRestrictionsOnChange","suite name","Sat Sep 13 13:54:26 GMT 2025","passed","Sat Sep 13 13:54:29 GMT 2025","xyz.npgw.test.run.HeaderTest","test name","xyz.npgw.test.run.HeaderTest","testPasswordLengthRestrictionsOnChange"
"Verify Reset filter cleans all the filters applied","19021","testResetAllTheFilters","suite name","Sat Sep 13 13:47:58 GMT 2025","passed","Sat Sep 13 13:48:17 GMT 2025","xyz.npgw.test.run.GatewayPageTest","test name","xyz.npgw.test.run.GatewayPageTest","testResetAllTheFilters"
"The company info block can be hidden and shown via settings.","2654","testToggleCompanyInfoVisibilityViaSettingsAsAdmin","suite name","Sat Sep 13 13:57:44 GMT 2025","passed","Sat Sep 13 13:57:47 GMT 2025","xyz.npgw.test.run.TestAdminCompaniesAndBusinessUnitsTest","test name","xyz.npgw.test.run.TestAdminCompaniesAndBusinessUnitsTest","testToggleCompanyInfoVisibilityViaSettingsAsAdmin"
"All key chart elements are correctly displayed","5968","testVisibleChartElementsAreDisplayedCorrectlyAsTestAdmin","suite name","Sat Sep 13 13:57:22 GMT 2025","passed","Sat Sep 13 13:57:28 GMT 2025","xyz.npgw.test.run.TestAdminDashboardPageTest","test name","xyz.npgw.test.run.TestAdminDashboardPageTest","testVisibleChartElementsAreDisplayedCorrectlyAsTestAdmin"
"Error message is displayed when start date is after end date.","1265","testErrorMessageForReversedDateRangeAsTestUser","suite name","Sat Sep 13 13:56:40 GMT 2025","passed","Sat Sep 13 13:56:41 GMT 2025","xyz.npgw.test.run.TestUserDashboardPageTest","test name","xyz.npgw.test.run.TestUserDashboardPageTest","testErrorMessageForReversedDateRangeAsTestUser"
"Delete Active Fraud Control added to Business Unit","25101","testDeleteActiveFraudControlAddedToBusinessUnit","suite name","Sat Sep 13 13:44:24 GMT 2025","passed","Sat Sep 13 13:44:49 GMT 2025","xyz.npgw.test.run.FraudControlTest","test name","xyz.npgw.test.run.FraudControlTest","testDeleteActiveFraudControlAddedToBusinessUnit"
"Reset company analyst password as super admin","12764","testResetPasswordForCompanyAnalyst","suite name","Sat Sep 13 13:54:13 GMT 2025","passed","Sat Sep 13 13:54:26 GMT 2025","xyz.npgw.test.run.TeamPageLogoutTest","test name","xyz.npgw.test.run.TeamPageLogoutTest","testResetPasswordForCompanyAnalyst"
"Verify that company can be deleted","8961","testDeleteCompany","suite name","Sat Sep 13 13:52:50 GMT 2025","passed","Sat Sep 13 13:52:59 GMT 2025","xyz.npgw.test.run.CompaniesAndBusinessUnitsTest","test name","xyz.npgw.test.run.CompaniesAndBusinessUnitsTest","testDeleteCompany"
"Verify, that 'Reset filter' clean 'Business Unit' input field","3723","testResetBusinessUnit","suite name","Sat Sep 13 13:52:57 GMT 2025","passed","Sat Sep 13 13:53:01 GMT 2025","xyz.npgw.test.run.TransactionsPageTest","test name","xyz.npgw.test.run.TransactionsPageTest","testResetBusinessUnit"
"Verify, that 'Reset filter' button change 'Status' to default value ( ALL)","14155","testResetStatus","suite name","Sat Sep 13 13:53:23 GMT 2025","passed","Sat Sep 13 13:53:37 GMT 2025","xyz.npgw.test.run.TransactionsPageTest","test name","xyz.npgw.test.run.TransactionsPageTest","testResetStatus"
"Verify, that 'Reset filter' button change 'Currency' to default value (ALL)","7208","testResetCurrencyAsUser","suite name","Sat Sep 13 13:55:52 GMT 2025","passed","Sat Sep 13 13:55:59 GMT 2025","xyz.npgw.test.run.UserTransactionsPageTest","test name","xyz.npgw.test.run.UserTransactionsPageTest","testResetCurrencyAsUser"
"Verify that 'NPGW reference' and 'Business unit reference' fields appear when clicking on 'Trx IDs'.","2147","testSearchOptionsVisibleAfterClickingTrxIdsAsAdmin","suite name","Sat Sep 13 13:56:07 GMT 2025","passed","Sat Sep 13 13:56:10 GMT 2025","xyz.npgw.test.run.AdminTransactionsPageTest","test name","xyz.npgw.test.run.AdminTransactionsPageTest","testSearchOptionsVisibleAfterClickingTrxIdsAsAdmin"
"Verify Acquirer status 'Active/Inactive' is displayed in column 'Status'","12441","testVerifyAcquirerStatus","suite name","Sat Sep 13 13:42:49 GMT 2025","passed","Sat Sep 13 13:43:02 GMT 2025","xyz.npgw.test.run.AcquirersPageTest","test name","xyz.npgw.test.run.AcquirersPageTest","testVerifyAcquirerStatus"
"Verify full lists of column headers in table and visible columns from Settings","7270","testCheckUncheckAllVisibleColumns","suite name","Sat Sep 13 13:39:29 GMT 2025","passed","Sat Sep 13 13:39:36 GMT 2025","xyz.npgw.test.run.TransactionsTableTest","test name","xyz.npgw.test.run.TransactionsTableTest","testCheckUncheckAllVisibleColumns"
"Verify that user can see 'Card type' options","2380","testTheVisibilityOfTheCardTypeOptions","suite name","Sat Sep 13 13:53:45 GMT 2025","passed","Sat Sep 13 13:53:47 GMT 2025","xyz.npgw.test.run.TransactionsPageTest","test name","xyz.npgw.test.run.TransactionsPageTest","testTheVisibilityOfTheCardTypeOptions"
"Verify, that date picker contains default value before and after reset filter","3156","testResetData","suite name","Sat Sep 13 13:53:18 GMT 2025","passed","Sat Sep 13 13:53:22 GMT 2025","xyz.npgw.test.run.TransactionsPageTest","test name","xyz.npgw.test.run.TransactionsPageTest","testResetData"
"Error message when trying to create a company with invalid length and special characters.","2869","testErrorForInvalidCompanyNameLengthAndCharacters","suite name","Sat Sep 13 13:51:18 GMT 2025","passed","Sat Sep 13 13:51:21 GMT 2025","xyz.npgw.test.run.CompaniesAndBusinessUnitsTest","test name","xyz.npgw.test.run.CompaniesAndBusinessUnitsTest","testErrorForInvalidCompanyNameLengthAndCharacters"
"Check that the 'Pending' occurs at most once in the Payment lifecycle section","38891","testPendingOccursAtMostOnceInLifecycle","suite name","Sat Sep 13 13:55:03 GMT 2025","passed","Sat Sep 13 13:55:42 GMT 2025","xyz.npgw.test.run.TransactionDetailsTest","test name","xyz.npgw.test.run.TransactionDetailsTest","testPendingOccursAtMostOnceInLifecycle"
"Verify that the 'Entity name' field except (&), (-), (,), (.), ('), ( ) symbols","7038","testAllowedSpecialSymbolsInEntityName","suite name","Sat Sep 13 13:39:47 GMT 2025","passed","Sat Sep 13 13:39:54 GMT 2025","xyz.npgw.test.run.AcquirersPageTest","test name","xyz.npgw.test.run.AcquirersPageTest","testAllowedSpecialSymbolsInEntityName"
"Check that Logo in header contains text 'NPGW' and image","798","testLogoContainsTextAndImage","suite name","Sat Sep 13 13:54:20 GMT 2025","passed","Sat Sep 13 13:54:21 GMT 2025","xyz.npgw.test.run.HeaderTest","test name","xyz.npgw.test.run.HeaderTest","testLogoContainsTextAndImage"
"Check if the user can change the password through the profile settings in the user menu","7654","testChangePassword","suite name","Sat Sep 13 13:57:33 GMT 2025","passed","Sat Sep 13 13:57:41 GMT 2025","xyz.npgw.test.run.HeaderLogoutTest","test name","xyz.npgw.test.run.HeaderLogoutTest","testChangePassword"
"Unauthenticated users are automatically redirected to the 'Login page'","908","testUnauthenticatedUserRedirectionToLoginPageUnauthenticated","suite name","Sat Sep 13 13:57:42 GMT 2025","passed","Sat Sep 13 13:57:43 GMT 2025","xyz.npgw.test.run.UnauthenticatedLoginPageTest","test name","xyz.npgw.test.run.UnauthenticatedLoginPageTest","testUnauthenticatedUserRedirectionToLoginPageUnauthenticated"
"Verify, that 'Reset filter' button change 'Status' to default value (ALL)","17247","testResetStatusAsAdmin","suite name","Sat Sep 13 13:55:49 GMT 2025","passed","Sat Sep 13 13:56:06 GMT 2025","xyz.npgw.test.run.AdminTransactionsPageTest","test name","xyz.npgw.test.run.AdminTransactionsPageTest","testResetStatusAsAdmin"
"Verifies that all form field placeholders are set correctly","6376","testVerifyPlaceholdersEditForm","suite name","Sat Sep 13 13:44:36 GMT 2025","passed","Sat Sep 13 13:44:42 GMT 2025","xyz.npgw.test.run.AcquirersPageTest","test name","xyz.npgw.test.run.AcquirersPageTest","testVerifyPlaceholdersEditForm"
"Correct merchant ID is sent to the server","2713","testCheckMerchantIdAsTestUser","suite name","Sat Sep 13 13:56:36 GMT 2025","passed","Sat Sep 13 13:56:39 GMT 2025","xyz.npgw.test.run.TestUserDashboardPageTest","test name","xyz.npgw.test.run.TestUserDashboardPageTest","testCheckMerchantIdAsTestUser"
"Verify text content for Header and Main body on 'Change control activity' dialog","5804","testVerifyWarningModalWindowChangeActivityForControlTable","suite name","Sat Sep 13 13:49:32 GMT 2025","passed","Sat Sep 13 13:49:38 GMT 2025","xyz.npgw.test.run.FraudControlTest","test name","xyz.npgw.test.run.FraudControlTest","testVerifyWarningModalWindowChangeActivityForControlTable"
"Verify that click on Cancel button cancels the Merchant Acquirer status change","14021","testCloseButtonInChangeMerchantAcquirerActivityDialog","suite name","Sat Sep 13 13:46:34 GMT 2025","passed","Sat Sep 13 13:46:48 GMT 2025","xyz.npgw.test.run.GatewayPageTest","test name","xyz.npgw.test.run.GatewayPageTest","testCloseButtonInChangeMerchantAcquirerActivityDialog"
"Add Active Fraud Control with Fraud Screen type","9951","testAddActiveFraudControlWithFraudScreenType","suite name","Sat Sep 13 13:39:52 GMT 2025","passed","Sat Sep 13 13:40:02 GMT 2025","xyz.npgw.test.run.FraudControlTest","test name","xyz.npgw.test.run.FraudControlTest","testAddActiveFraudControlWithFraudScreenType"
"The presence of the dropdown options export table data to file","10025","testPresenceOfDownloadFilesOptions","suite name","Sat Sep 13 13:52:27 GMT 2025","passed","Sat Sep 13 13:52:37 GMT 2025","xyz.npgw.test.run.TransactionsPageTest","test name","xyz.npgw.test.run.TransactionsPageTest","testPresenceOfDownloadFilesOptions"
"Verify,Control name is immutable","5064","testNotEditControlName","suite name","Sat Sep 13 13:49:05 GMT 2025","passed","Sat Sep 13 13:49:10 GMT 2025","xyz.npgw.test.run.FraudControlTest","test name","xyz.npgw.test.run.FraudControlTest","testNotEditControlName"
"Verify that 'NPGW reference' and 'Business unit reference' fields appear when clicking on 'Trx IDs'.","1668","testSearchOptionsVisibleAfterClickingTrxIds","suite name","Sat Sep 13 13:53:38 GMT 2025","passed","Sat Sep 13 13:53:40 GMT 2025","xyz.npgw.test.run.TransactionsPageTest","test name","xyz.npgw.test.run.TransactionsPageTest","testSearchOptionsVisibleAfterClickingTrxIds"
"Filter transactions by business unit","6477","testFilterTransactionsByBusinessUnit","suite name","Sat Sep 13 13:41:39 GMT 2025","passed","Sat Sep 13 13:41:46 GMT 2025","xyz.npgw.test.run.TransactionsTableTest","test name","xyz.npgw.test.run.TransactionsTableTest","testFilterTransactionsByBusinessUnit"
"Verify that changing the order of visible columns in Settings affects the table.","11636","testMoveVisibleColumns","suite name","Sat Sep 13 13:42:24 GMT 2025","passed","Sat Sep 13 13:42:35 GMT 2025","xyz.npgw.test.run.TransactionsTableTest","test name","xyz.npgw.test.run.TransactionsTableTest","testMoveVisibleColumns"
"Error message 'From should be lesser than To' appears","3630","testErrorMessageByAmountAsUser","suite name","Sat Sep 13 13:55:27 GMT 2025","passed","Sat Sep 13 13:55:30 GMT 2025","xyz.npgw.test.run.UserTransactionsPageTest","test name","xyz.npgw.test.run.UserTransactionsPageTest","testErrorMessageByAmountAsUser"
"Tooltips for available actions check","0","testTooltipsForActionsControlTable","suite name","Sat Sep 13 13:39:16 GMT 2025","unknown","Sat Sep 13 13:39:16 GMT 2025","xyz.npgw.test.run.FraudControlTest","test name","xyz.npgw.test.run.FraudControlTest","testTooltipsForActionsControlTable"
"User navigate to 'Dashboard page' after login","838","testNavigateToDashboardAfterLoginAsTestUser","suite name","Sat Sep 13 13:56:42 GMT 2025","passed","Sat Sep 13 13:56:43 GMT 2025","xyz.npgw.test.run.TestUserDashboardPageTest","test name","xyz.npgw.test.run.TestUserDashboardPageTest","testNavigateToDashboardAfterLoginAsTestUser"
"Create company analyst under admin","27813","testCreateCompanyAnalystAndDeactivateAsAdmin","suite name","Sat Sep 13 13:53:41 GMT 2025","passed","Sat Sep 13 13:54:09 GMT 2025","xyz.npgw.test.run.TeamPageLogoutTest","test name","xyz.npgw.test.run.TeamPageLogoutTest","testCreateCompanyAnalystAndDeactivateAsAdmin"
"'Creation Date' column sorts descending by default and ascending on click.","14984","testSortByCreationDate","suite name","Sat Sep 13 13:44:00 GMT 2025","passed","Sat Sep 13 13:44:15 GMT 2025","xyz.npgw.test.run.TransactionsTableTest","test name","xyz.npgw.test.run.TransactionsTableTest","testSortByCreationDate"
"Verify Minimum and Maximum Password Length Restrictions (negative)","3013","testPasswordLengthRestrictionsOnChange","suite name","Sat Sep 13 13:54:21 GMT 2025","passed","Sat Sep 13 13:54:24 GMT 2025","xyz.npgw.test.run.HeaderTest","test name","xyz.npgw.test.run.HeaderTest","testPasswordLengthRestrictionsOnChange"
"Edit company analyst as company admin","13756","testEditCompanyUserAsAdmin","suite name","Sat Sep 13 13:51:07 GMT 2025","passed","Sat Sep 13 13:51:21 GMT 2025","xyz.npgw.test.run.AdminTeamPageTest","test name","xyz.npgw.test.run.AdminTeamPageTest","testEditCompanyUserAsAdmin"
"Delete Inactive Fraud Control not added to Business Unit","8107","testDeleteInactiveFraudControlNotAddedToBusinessUnit","suite name","Sat Sep 13 13:45:12 GMT 2025","passed","Sat Sep 13 13:45:20 GMT 2025","xyz.npgw.test.run.FraudControlTest","test name","xyz.npgw.test.run.FraudControlTest","testDeleteInactiveFraudControlNotAddedToBusinessUnit"
"Verify that the 'Entity name' field requires between 4 and 100 characters","6649","testEntityNameIsMandatoryLengthRestrictions","suite name","Sat Sep 13 13:40:22 GMT 2025","passed","Sat Sep 13 13:40:28 GMT 2025","xyz.npgw.test.run.AcquirersPageTest","test name","xyz.npgw.test.run.AcquirersPageTest","testEntityNameIsMandatoryLengthRestrictions"
"Priority icons for only one Business unit control","15912","testPriorityIconsDisableForOnlyOneBusinessUnitControl","suite name","Sat Sep 13 13:46:17 GMT 2025","passed","Sat Sep 13 13:46:33 GMT 2025","xyz.npgw.test.run.FraudControlTest","test name","xyz.npgw.test.run.FraudControlTest","testPriorityIconsDisableForOnlyOneBusinessUnitControl"
"Check that selecting a company populates the 'Business units list', and when no company is selected, the list is empty with 'No items.'","5807","testBusinessUnitsListUpdatesOnCompanySelection","suite name","Sat Sep 13 13:46:09 GMT 2025","passed","Sat Sep 13 13:46:15 GMT 2025","xyz.npgw.test.run.GatewayPageTest","test name","xyz.npgw.test.run.GatewayPageTest","testBusinessUnitsListUpdatesOnCompanySelection"
"Verify, that 'Reset filter' button change 'Currency' to default value (ALL)","7076","testResetCurrencyAsAdmin","suite name","Sat Sep 13 13:55:38 GMT 2025","passed","Sat Sep 13 13:55:45 GMT 2025","xyz.npgw.test.run.AdminTransactionsPageTest","test name","xyz.npgw.test.run.AdminTransactionsPageTest","testResetCurrencyAsAdmin"
"Verify that re-selecting an already selected currency keeps the selection unchanged.","12800","testRetainCurrencyWhenReSelectingSameOption","suite name","Sat Sep 13 13:48:19 GMT 2025","passed","Sat Sep 13 13:48:32 GMT 2025","xyz.npgw.test.run.GatewayPageTest","test name","xyz.npgw.test.run.GatewayPageTest","testRetainCurrencyWhenReSelectingSameOption"
"'Amount' column sorts ascending on first click and descending on second click.","17479","testSortByAmount","suite name","Sat Sep 13 13:43:40 GMT 2025","passed","Sat Sep 13 13:43:58 GMT 2025","xyz.npgw.test.run.TransactionsTableTest","test name","xyz.npgw.test.run.TransactionsTableTest","testSortByAmount"
"Validates successful company creation and correct field persistence.","11279","testAddCompany","suite name","Sat Sep 13 13:50:20 GMT 2025","passed","Sat Sep 13 13:50:31 GMT 2025","xyz.npgw.test.run.CompaniesAndBusinessUnitsTest","test name","xyz.npgw.test.run.CompaniesAndBusinessUnitsTest","testAddCompany"
"Verify that 'Integrated third party controls' table can be sorted","31642","testIntegratedTpControlsTableEntriesSorting","suite name","Sat Sep 13 13:45:45 GMT 2025","passed","Sat Sep 13 13:46:16 GMT 2025","xyz.npgw.test.run.FraudControlTest","test name","xyz.npgw.test.run.FraudControlTest","testIntegratedTpControlsTableEntriesSorting"
"'Reset filter' button resets the 'Status' filter to 'All' and clears the selected company","6599","testResetFilterAsAdmin","suite name","Sat Sep 13 13:51:37 GMT 2025","passed","Sat Sep 13 13:51:44 GMT 2025","xyz.npgw.test.run.AdminTeamPageTest","test name","xyz.npgw.test.run.AdminTeamPageTest","testResetFilterAsAdmin"
"Verify that an acquirer can be deleted","11256","testDeleteAcquirerMid","suite name","Sat Sep 13 13:44:44 GMT 2025","passed","Sat Sep 13 13:44:56 GMT 2025","xyz.npgw.test.run.AcquirersPageTest","test name","xyz.npgw.test.run.AcquirersPageTest","testDeleteAcquirerMid"
"Verify text content for Header and Main body on 'Change business unit control activity' dialog","6940","testVerifyWarningModalWindowChangeActivityForBusinessUnitControlTable","suite name","Sat Sep 13 13:49:24 GMT 2025","passed","Sat Sep 13 13:49:31 GMT 2025","xyz.npgw.test.run.FraudControlTest","test name","xyz.npgw.test.run.FraudControlTest","testVerifyWarningModalWindowChangeActivityForBusinessUnitControlTable"
"Verify that selecting a 'Rows per page' option displays the correct number of rows in the table.","12354","testRowsPerPageSelectionDisplaysCorrectNumberOfRows","suite name","Sat Sep 13 13:41:36 GMT 2025","passed","Sat Sep 13 13:41:48 GMT 2025","xyz.npgw.test.run.AcquirersPageTest","test name","xyz.npgw.test.run.AcquirersPageTest","testRowsPerPageSelectionDisplaysCorrectNumberOfRows"
"'Reset filter' clears selected options","9386","testResetFilter","suite name","Sat Sep 13 13:46:34 GMT 2025","passed","Sat Sep 13 13:46:43 GMT 2025","xyz.npgw.test.run.FraudControlTest","test name","xyz.npgw.test.run.FraudControlTest","testResetFilter"
"Table column headers fit inside viewport on each page when navigating through paginated results","13353","testColumnHeadersDisplayCorrectlyOnAllPages","suite name","Sat Sep 13 13:39:56 GMT 2025","passed","Sat Sep 13 13:40:10 GMT 2025","xyz.npgw.test.run.AcquirersPageTest","test name","xyz.npgw.test.run.AcquirersPageTest","testColumnHeadersDisplayCorrectlyOnAllPages"
"Verify that a new business unit wasn't added once click 'Close' button","6024","testCloseButtonAndDiscardChanges","suite name","Sat Sep 13 13:51:53 GMT 2025","passed","Sat Sep 13 13:51:59 GMT 2025","xyz.npgw.test.run.CompaniesAndBusinessUnitsTest","test name","xyz.npgw.test.run.CompaniesAndBusinessUnitsTest","testCloseButtonAndDiscardChanges"
"Verify that user can see 'Card type' options","1747","testTheVisibilityOfTheCardTypeOptionsAsUser","suite name","Sat Sep 13 13:56:29 GMT 2025","passed","Sat Sep 13 13:56:30 GMT 2025","xyz.npgw.test.run.UserTransactionsPageTest","test name","xyz.npgw.test.run.UserTransactionsPageTest","testTheVisibilityOfTheCardTypeOptionsAsUser"
"Delete Active Fraud Control not added to Business Unit","7541","testDeleteActiveFraudControlNotAddedToBusinessUnit","suite name","Sat Sep 13 13:49:49 GMT 2025","passed","Sat Sep 13 13:49:56 GMT 2025","xyz.npgw.test.run.FraudControlTest","test name","xyz.npgw.test.run.FraudControlTest","testDeleteActiveFraudControlNotAddedToBusinessUnit"
"User navigate to 'Transactions page' after clicking on 'Transactions' link on the header","2267","testNavigateToTransactionsPage","suite name","Sat Sep 13 13:52:22 GMT 2025","passed","Sat Sep 13 13:52:24 GMT 2025","xyz.npgw.test.run.TransactionsPageTest","test name","xyz.npgw.test.run.TransactionsPageTest","testNavigateToTransactionsPage"
"Verify error appears when creating an Acquirer with a duplicate name.","8209","testVerifyErrorOnCreatingAcquirerWithDuplicateName","suite name","Sat Sep 13 13:44:12 GMT 2025","passed","Sat Sep 13 13:44:20 GMT 2025","xyz.npgw.test.run.AcquirersPageTest","test name","xyz.npgw.test.run.AcquirersPageTest","testVerifyErrorOnCreatingAcquirerWithDuplicateName"
"The visibility of the acquirers table header and table contents","3586","testVisibilityHeaderAndAcquirersList","suite name","Sat Sep 13 13:43:23 GMT 2025","passed","Sat Sep 13 13:43:27 GMT 2025","xyz.npgw.test.run.AcquirersPageTest","test name","xyz.npgw.test.run.AcquirersPageTest","testVisibilityHeaderAndAcquirersList"
"Filtering transactions by date range","13316","testFilteringTransactionsByDateRange","suite name","Sat Sep 13 13:42:09 GMT 2025","passed","Sat Sep 13 13:42:22 GMT 2025","xyz.npgw.test.run.TransactionsTableTest","test name","xyz.npgw.test.run.TransactionsTableTest","testFilteringTransactionsByDateRange"
"Error is displayed when trying to create a company with an already existing name","4644","testAddCompanyWithSameName","suite name","Sat Sep 13 13:50:48 GMT 2025","passed","Sat Sep 13 13:50:53 GMT 2025","xyz.npgw.test.run.CompaniesAndBusinessUnitsTest","test name","xyz.npgw.test.run.CompaniesAndBusinessUnitsTest","testAddCompanyWithSameName"
"Filter acquirers by status.","7054","testFilterAcquirersByStatus","suite name","Sat Sep 13 13:40:40 GMT 2025","passed","Sat Sep 13 13:40:47 GMT 2025","xyz.npgw.test.run.AcquirersPageTest","test name","xyz.npgw.test.run.AcquirersPageTest","testFilterAcquirersByStatus"
"Verify that user can see selector Status Options","2049","testTheVisibilityOfTheStatusSelectorOptionsAsUser","suite name","Sat Sep 13 13:56:31 GMT 2025","passed","Sat Sep 13 13:56:33 GMT 2025","xyz.npgw.test.run.UserTransactionsPageTest","test name","xyz.npgw.test.run.UserTransactionsPageTest","testTheVisibilityOfTheStatusSelectorOptionsAsUser"
"Verify system admin can be deleted","9522","testDeleteSystemAdmin","suite name","Sat Sep 13 13:50:50 GMT 2025","passed","Sat Sep 13 13:51:00 GMT 2025","xyz.npgw.test.run.TeamPageTest","test name","xyz.npgw.test.run.TeamPageTest","testDeleteSystemAdmin"
"Check password policy validation error messages when changing password in user menu","17185","testChangePasswordValidationMessages","suite name","Sat Sep 13 13:53:16 GMT 2025","passed","Sat Sep 13 13:53:33 GMT 2025","xyz.npgw.test.run.HeaderTest","test name","xyz.npgw.test.run.HeaderTest","testChangePasswordValidationMessages"
"Super admin can see all the company's business units in the Business unit dropdown list","3590","testTheVisibilityOfTheAvailableBusinessUnitOptions","suite name","Sat Sep 13 13:53:40 GMT 2025","passed","Sat Sep 13 13:53:44 GMT 2025","xyz.npgw.test.run.TransactionsPageTest","test name","xyz.npgw.test.run.TransactionsPageTest","testTheVisibilityOfTheAvailableBusinessUnitOptions"
"Add new company admin under super admin","7252","testAddCompanyAdmin","suite name","Sat Sep 13 13:47:14 GMT 2025","passed","Sat Sep 13 13:47:21 GMT 2025","xyz.npgw.test.run.TeamPageTest","test name","xyz.npgw.test.run.TeamPageTest","testAddCompanyAdmin"
"Verify that the Company admin can see all the company's business units in the Business unit dropdown list","2612","testTheVisibilityOfTheAvailableBusinessUnitOptionsAsAdmin","suite name","Sat Sep 13 13:56:11 GMT 2025","passed","Sat Sep 13 13:56:13 GMT 2025","xyz.npgw.test.run.AdminTransactionsPageTest","test name","xyz.npgw.test.run.AdminTransactionsPageTest","testTheVisibilityOfTheAvailableBusinessUnitOptionsAsAdmin"
"Add Fraud Control to Business Unit with Cancel buttonAdd Fraud Control to Business Unit with 'Cross'Add Fraud Control to Business Unit with ESC","16104","testCancelAddingFraudControlToBusinessUnit","suite name","Sat Sep 13 13:47:44 GMT 2025","passed","Sat Sep 13 13:48:01 GMT 2025","xyz.npgw.test.run.FraudControlTest","test name","xyz.npgw.test.run.FraudControlTest","testCancelAddingFraudControlToBusinessUnit"
"Verify, that the data in Transaction Details Dialog corresponds to the data in Transactions table","8464","testDataMatching","suite name","Sat Sep 13 13:54:54 GMT 2025","passed","Sat Sep 13 13:55:02 GMT 2025","xyz.npgw.test.run.TransactionDetailsTest","test name","xyz.npgw.test.run.TransactionDetailsTest","testDataMatching"
"Verify, that date picker contains default value before and after reset filter","2652","testResetDataAsTestAdmin","suite name","Sat Sep 13 13:55:46 GMT 2025","passed","Sat Sep 13 13:55:49 GMT 2025","xyz.npgw.test.run.AdminTransactionsPageTest","test name","xyz.npgw.test.run.AdminTransactionsPageTest","testResetDataAsTestAdmin"
"Verify text content for Header and Main body on 'Delete business unit control' dialog","8772","testVerifyWarningModalWindowDeleteBusinessUnitControlTable","suite name","Sat Sep 13 13:49:38 GMT 2025","passed","Sat Sep 13 13:49:47 GMT 2025","xyz.npgw.test.run.FraudControlTest","test name","xyz.npgw.test.run.FraudControlTest","testVerifyWarningModalWindowDeleteBusinessUnitControlTable"
"First 'Move business unit control up' and last 'Move business unit control down' are disabled","23455","testChangeBusinessControlPriorityRestrictions","suite name","Sat Sep 13 13:42:06 GMT 2025","passed","Sat Sep 13 13:42:30 GMT 2025","xyz.npgw.test.run.FraudControlTest","test name","xyz.npgw.test.run.FraudControlTest","testChangeBusinessControlPriorityRestrictions"
"Verify, that 'Reset filter' button change 'Amount' to default","4064","testResetAmountAsAdmin","suite name","Sat Sep 13 13:55:18 GMT 2025","passed","Sat Sep 13 13:55:22 GMT 2025","xyz.npgw.test.run.AdminTransactionsPageTest","test name","xyz.npgw.test.run.AdminTransactionsPageTest","testResetAmountAsAdmin"
"Verify, that 'Reset filter' button change 'Status' (two options are checked) to default value ( ALL)","0","testResetMultiStatusAsAdmin","suite name","Sat Sep 13 13:39:16 GMT 2025","unknown","Sat Sep 13 13:39:16 GMT 2025","xyz.npgw.test.run.AdminTransactionsPageTest","test name","xyz.npgw.test.run.AdminTransactionsPageTest","testResetMultiStatusAsAdmin"
"Verify that the Control Name field requires between 4 and 100 characters","5284","testControlNameLengthRestrictions","suite name","Sat Sep 13 13:44:16 GMT 2025","passed","Sat Sep 13 13:44:21 GMT 2025","xyz.npgw.test.run.FraudControlTest","test name","xyz.npgw.test.run.FraudControlTest","testControlNameLengthRestrictions"
"Activate Fraud Control added to Business Unit and Deactivate Fraud Control added to Business Unit","32345","testChangeControlActivityForFraudControlAddedToBusinessUnit","suite name","Sat Sep 13 13:43:06 GMT 2025","passed","Sat Sep 13 13:43:38 GMT 2025","xyz.npgw.test.run.FraudControlTest","test name","xyz.npgw.test.run.FraudControlTest","testChangeControlActivityForFraudControlAddedToBusinessUnit"
"The transaction table data on the UI matches the exported CSV file data.","32833","testTransactionTableMatchesDownloadedCsv","suite name","Sat Sep 13 13:44:31 GMT 2025","passed","Sat Sep 13 13:45:03 GMT 2025","xyz.npgw.test.run.TransactionsTableTest","test name","xyz.npgw.test.run.TransactionsTableTest","testTransactionTableMatchesDownloadedCsv"
"Verify: Url fields in the 'Setup acquirer MID' dialog accept Valid URL structures","9598","testUrlFieldsAcceptValidUrlStructures","suite name","Sat Sep 13 13:42:37 GMT 2025","passed","Sat Sep 13 13:42:47 GMT 2025","xyz.npgw.test.run.AcquirersPageTest","test name","xyz.npgw.test.run.AcquirersPageTest","testUrlFieldsAcceptValidUrlStructures"
"Verify that user can see selector Status Options","1794","testTheVisibilityOfTheStatusSelectorOptions","suite name","Sat Sep 13 13:53:48 GMT 2025","passed","Sat Sep 13 13:53:50 GMT 2025","xyz.npgw.test.run.TransactionsPageTest","test name","xyz.npgw.test.run.TransactionsPageTest","testTheVisibilityOfTheStatusSelectorOptions"
"Edit company admin as super admin","15595","testEditCompanyAdmin","suite name","Sat Sep 13 13:49:01 GMT 2025","passed","Sat Sep 13 13:49:16 GMT 2025","xyz.npgw.test.run.TeamPageTest","test name","xyz.npgw.test.run.TeamPageTest","testEditCompanyAdmin"
"Check that click on Logo return user to the dashboard page from other pages","1325","testClickLogoReturnToDashboardPage","suite name","Sat Sep 13 13:54:11 GMT 2025","passed","Sat Sep 13 13:54:13 GMT 2025","xyz.npgw.test.run.HeaderTest","test name","xyz.npgw.test.run.HeaderTest","testClickLogoReturnToDashboardPage"
"Verify the active and inactive merchant acquirers can be added","21448","testAddMerchantAcquirer","suite name","Sat Sep 13 13:45:46 GMT 2025","passed","Sat Sep 13 13:46:08 GMT 2025","xyz.npgw.test.run.GatewayPageTest","test name","xyz.npgw.test.run.GatewayPageTest","testAddMerchantAcquirer"
"Verify, that 'Reset filter' clean 'Company' input field","2577","testResetCompany","suite name","Sat Sep 13 13:53:07 GMT 2025","passed","Sat Sep 13 13:53:10 GMT 2025","xyz.npgw.test.run.TransactionsPageTest","test name","xyz.npgw.test.run.TransactionsPageTest","testResetCompany"
"Correct transaction summary is displayed on Dashboard page","8724","testTransactionSummaryAsTestUser","suite name","Sat Sep 13 13:56:54 GMT 2025","passed","Sat Sep 13 13:57:03 GMT 2025","xyz.npgw.test.run.TestUserDashboardPageTest","test name","xyz.npgw.test.run.TestUserDashboardPageTest","testTransactionSummaryAsTestUser"
"Generate API secret token as company admin","4392","testGenerateTokenAsTestAdmin","suite name","Sat Sep 13 13:57:39 GMT 2025","passed","Sat Sep 13 13:57:43 GMT 2025","xyz.npgw.test.run.TestAdminCompaniesAndBusinessUnitsTest","test name","xyz.npgw.test.run.TestAdminCompaniesAndBusinessUnitsTest","testGenerateTokenAsTestAdmin"
"Verify, that 'Reset filter' button change 'Card Type' to default value (ALL)","4663","testResetCardType","suite name","Sat Sep 13 13:53:02 GMT 2025","passed","Sat Sep 13 13:53:07 GMT 2025","xyz.npgw.test.run.TransactionsPageTest","test name","xyz.npgw.test.run.TransactionsPageTest","testResetCardType"
"Deactivate Fraud Control with Cancel buttonDeactivate Fraud Control with 'Cross'Deactivate Fraud Control with ESC","11352","testCancelDeactivationFraudControl","suite name","Sat Sep 13 13:48:02 GMT 2025","passed","Sat Sep 13 13:48:13 GMT 2025","xyz.npgw.test.run.FraudControlTest","test name","xyz.npgw.test.run.FraudControlTest","testCancelDeactivationFraudControl"
"Company can be added by filling out only required field","6397","testAddCompanyByFillOnlyRequiredField","suite name","Sat Sep 13 13:50:34 GMT 2025","passed","Sat Sep 13 13:50:41 GMT 2025","xyz.npgw.test.run.CompaniesAndBusinessUnitsTest","test name","xyz.npgw.test.run.CompaniesAndBusinessUnitsTest","testAddCompanyByFillOnlyRequiredField"
"User email is NOT remembered after first successful login with unchecked 'Remember me'","4891","testRememberMeUncheckedDontSaveUserEmailUnauthenticated","suite name","Sat Sep 13 13:57:33 GMT 2025","passed","Sat Sep 13 13:57:38 GMT 2025","xyz.npgw.test.run.UnauthenticatedLoginPageTest","test name","xyz.npgw.test.run.UnauthenticatedLoginPageTest","testRememberMeUncheckedDontSaveUserEmailUnauthenticated"
"Add Active Fraud Control","7177","testAddActiveFraudControl","suite name","Sat Sep 13 13:39:35 GMT 2025","passed","Sat Sep 13 13:39:42 GMT 2025","xyz.npgw.test.run.FraudControlTest","test name","xyz.npgw.test.run.FraudControlTest","testAddActiveFraudControl"
"User navigate to 'System administration page'","1758","testNavigateToSystemAdministrationPage","suite name","Sat Sep 13 13:49:32 GMT 2025","passed","Sat Sep 13 13:49:34 GMT 2025","xyz.npgw.test.run.TeamPageTest","test name","xyz.npgw.test.run.TeamPageTest","testNavigateToSystemAdministrationPage"
"Unauthenticated users are automatically redirected to the 'Login page'","794","testUnauthenticatedUserRedirectionToLoginPageUnauthenticated","suite name","Sat Sep 13 13:57:43 GMT 2025","passed","Sat Sep 13 13:57:44 GMT 2025","xyz.npgw.test.run.UnauthenticatedLoginPageTest","test name","xyz.npgw.test.run.UnauthenticatedLoginPageTest","testUnauthenticatedUserRedirectionToLoginPageUnauthenticated"
"Verify the 'Control name' field is mandatory and marked with '*'","3692","testControlNameIsMandatory","suite name","Sat Sep 13 13:44:10 GMT 2025","passed","Sat Sep 13 13:44:14 GMT 2025","xyz.npgw.test.run.FraudControlTest","test name","xyz.npgw.test.run.FraudControlTest","testControlNameIsMandatory"
"Remove inactive Fraud control added to Business unit","20214","testDeleteInactiveFraudControlAddedToBusinessUnit","suite name","Sat Sep 13 13:44:50 GMT 2025","passed","Sat Sep 13 13:45:10 GMT 2025","xyz.npgw.test.run.FraudControlTest","test name","xyz.npgw.test.run.FraudControlTest","testDeleteInactiveFraudControlAddedToBusinessUnit"
"Verify that if company is selected all it's business units are presented in the list","17939","testCompaniesBusinessUnitsPresence","suite name","Sat Sep 13 13:46:49 GMT 2025","passed","Sat Sep 13 13:47:07 GMT 2025","xyz.npgw.test.run.GatewayPageTest","test name","xyz.npgw.test.run.GatewayPageTest","testCompaniesBusinessUnitsPresence"
"Verify, that 'Reset filter' button change 'Amount' to default","3647","testResetAmount","suite name","Sat Sep 13 13:52:50 GMT 2025","passed","Sat Sep 13 13:52:54 GMT 2025","xyz.npgw.test.run.TransactionsPageTest","test name","xyz.npgw.test.run.TransactionsPageTest","testResetAmount"
"Edit company info and save","11102","testEditCompanyInfoAndSave","suite name","Sat Sep 13 13:52:38 GMT 2025","passed","Sat Sep 13 13:52:49 GMT 2025","xyz.npgw.test.run.CompaniesAndBusinessUnitsTest","test name","xyz.npgw.test.run.CompaniesAndBusinessUnitsTest","testEditCompanyInfoAndSave"
"All refundable transactions display correct refund dialog text and pre-filled refund amount.","32956","testRefundDialogDisplaysCorrectTextAndAmount","suite name","Sat Sep 13 13:43:06 GMT 2025","passed","Sat Sep 13 13:43:39 GMT 2025","xyz.npgw.test.run.TransactionsTableTest","test name","xyz.npgw.test.run.TransactionsTableTest","testRefundDialogDisplaysCorrectTextAndAmount"
"Verifying that we can switch the page when we click next button","11083","testPaginationNextButton","suite name","Sat Sep 13 13:42:37 GMT 2025","passed","Sat Sep 13 13:42:48 GMT 2025","xyz.npgw.test.run.TransactionsTableTest","test name","xyz.npgw.test.run.TransactionsTableTest","testPaginationNextButton"
"The transaction table data on the UI matches the exported Excel file data.","38137","testTransactionTableMatchesDownloadedExcel","suite name","Sat Sep 13 13:45:08 GMT 2025","passed","Sat Sep 13 13:45:47 GMT 2025","xyz.npgw.test.run.TransactionsTableTest","test name","xyz.npgw.test.run.TransactionsTableTest","testTransactionTableMatchesDownloadedExcel"
"Edit Amount","5061","testEditAmountAsAdmin","suite name","Sat Sep 13 13:55:03 GMT 2025","passed","Sat Sep 13 13:55:08 GMT 2025","xyz.npgw.test.run.AdminTransactionsPageTest","test name","xyz.npgw.test.run.AdminTransactionsPageTest","testEditAmountAsAdmin"
"Verify possibility to add adjustment with Transaction adjustment","0","testAddTransactionAdjustment","suite name","Sat Sep 13 13:39:16 GMT 2025","unknown","Sat Sep 13 13:39:16 GMT 2025","xyz.npgw.test.run.TransactionManagementPageTest","test name","xyz.npgw.test.run.TransactionManagementPageTest","testAddTransactionAdjustment"
"Error message is displayed when start date is after end date.","13759","testErrorMessageForReversedDateRange","suite name","Sat Sep 13 13:56:09 GMT 2025","passed","Sat Sep 13 13:56:23 GMT 2025","xyz.npgw.test.run.DashboardPageTest","test name","xyz.npgw.test.run.DashboardPageTest","testErrorMessageForReversedDateRange"
"Check that after click on transactions in column NPGW reference user see transaction details","6171","testCheckTransactionDetails","suite name","Sat Sep 13 13:54:39 GMT 2025","passed","Sat Sep 13 13:54:46 GMT 2025","xyz.npgw.test.run.TransactionDetailsTest","test name","xyz.npgw.test.run.TransactionDetailsTest","testCheckTransactionDetails"
"Deactivate user by 'Change user activity button' and verify status change","13513","testDeactivateUserViaChangeUserActivityButton","suite name","Sat Sep 13 13:48:45 GMT 2025","passed","Sat Sep 13 13:48:59 GMT 2025","xyz.npgw.test.run.TeamPageTest","test name","xyz.npgw.test.run.TeamPageTest","testDeactivateUserViaChangeUserActivityButton"
"Verify that merchant acquirer can be activated and deactivated by Super","21180","testActivateDeactivateMerchantAcquirer","suite name","Sat Sep 13 13:45:19 GMT 2025","passed","Sat Sep 13 13:45:40 GMT 2025","xyz.npgw.test.run.GatewayPageTest","test name","xyz.npgw.test.run.GatewayPageTest","testActivateDeactivateMerchantAcquirer"
"Edit Fraud Control","8038","testEditFraudControl","suite name","Sat Sep 13 13:48:56 GMT 2025","passed","Sat Sep 13 13:49:04 GMT 2025","xyz.npgw.test.run.FraudControlTest","test name","xyz.npgw.test.run.FraudControlTest","testEditFraudControl"
"Verify the error message when attempting to create a Fraud Control with the existing name","9740","testErrorMessageForExistingControlName","suite name","Sat Sep 13 13:45:22 GMT 2025","passed","Sat Sep 13 13:45:31 GMT 2025","xyz.npgw.test.run.FraudControlTest","test name","xyz.npgw.test.run.FraudControlTest","testErrorMessageForExistingControlName"
"Filtering transactions by Currency","18133","testFilterTransactionsByCurrency","suite name","Sat Sep 13 13:41:48 GMT 2025","passed","Sat Sep 13 13:42:06 GMT 2025","xyz.npgw.test.run.TransactionsTableTest","test name","xyz.npgw.test.run.TransactionsTableTest","testFilterTransactionsByCurrency"
"Verify that business unit can be deleted","7695","testDeleteBusinessUnit","suite name","Sat Sep 13 13:52:29 GMT 2025","passed","Sat Sep 13 13:52:37 GMT 2025","xyz.npgw.test.run.CompaniesAndBusinessUnitsTest","test name","xyz.npgw.test.run.CompaniesAndBusinessUnitsTest","testDeleteBusinessUnit"
"Log out via button in the Header","966","testLogOutViaButtonInHeader","suite name","Sat Sep 13 13:57:19 GMT 2025","passed","Sat Sep 13 13:57:20 GMT 2025","xyz.npgw.test.run.HeaderLogoutTest","test name","xyz.npgw.test.run.HeaderLogoutTest","testLogOutViaButtonInHeader"
"Deactivate and activate company admin as super admin","19875","testDeactivateAndActivateCompanyAdmin","suite name","Sat Sep 13 13:48:24 GMT 2025","passed","Sat Sep 13 13:48:44 GMT 2025","xyz.npgw.test.run.TeamPageTest","test name","xyz.npgw.test.run.TeamPageTest","testDeactivateAndActivateCompanyAdmin"
"Verify the request to server contains all the information from the filter","11246","testRequestToServer","suite name","Sat Sep 13 13:52:38 GMT 2025","passed","Sat Sep 13 13:52:50 GMT 2025","xyz.npgw.test.run.TransactionsPageTest","test name","xyz.npgw.test.run.TransactionsPageTest","testRequestToServer"
"Check after clicking on Transactions user redirected to Transactions page","1867","testTransactionsLink","suite name","Sat Sep 13 13:54:36 GMT 2025","passed","Sat Sep 13 13:54:38 GMT 2025","xyz.npgw.test.run.HeaderTest","test name","xyz.npgw.test.run.HeaderTest","testTransactionsLink"
"Create new company admin user as super","8012","testCreateCompanyAdminUser","suite name","Sat Sep 13 13:48:15 GMT 2025","passed","Sat Sep 13 13:48:23 GMT 2025","xyz.npgw.test.run.TeamPageTest","test name","xyz.npgw.test.run.TeamPageTest","testCreateCompanyAdminUser"
"Check/Uncheck Visible columns in the Settings and verify table column headers","34470","testCheckUncheckOneVisibleColumn","suite name","Sat Sep 13 13:39:40 GMT 2025","passed","Sat Sep 13 13:40:14 GMT 2025","xyz.npgw.test.run.TransactionsTableTest","test name","xyz.npgw.test.run.TransactionsTableTest","testCheckUncheckOneVisibleColumn"
"Verify that users can be sorted alphabetically","5163","testCheckSortingListOfUsersAlphabetically","suite name","Sat Sep 13 13:48:00 GMT 2025","passed","Sat Sep 13 13:48:05 GMT 2025","xyz.npgw.test.run.TeamPageTest","test name","xyz.npgw.test.run.TeamPageTest","testCheckSortingListOfUsersAlphabetically"
"Filter acquirers by status.","5061","testFilterAcquirersByStatus","suite name","Sat Sep 13 13:40:48 GMT 2025","passed","Sat Sep 13 13:40:53 GMT 2025","xyz.npgw.test.run.AcquirersPageTest","test name","xyz.npgw.test.run.AcquirersPageTest","testFilterAcquirersByStatus"
"Verify that click on Cancel button cancels the Merchant Acquirer status change","15806","testCancelButtonInChangeMerchantAcquirerActivityDialog","suite name","Sat Sep 13 13:46:17 GMT 2025","passed","Sat Sep 13 13:46:33 GMT 2025","xyz.npgw.test.run.GatewayPageTest","test name","xyz.npgw.test.run.GatewayPageTest","testCancelButtonInChangeMerchantAcquirerActivityDialog"
"User navigate to 'Transactions page' after clicking on 'Transactions' link on the header","2256","testNavigateToTransactionsPageAsUser","suite name","Sat Sep 13 13:55:32 GMT 2025","passed","Sat Sep 13 13:55:34 GMT 2025","xyz.npgw.test.run.UserTransactionsPageTest","test name","xyz.npgw.test.run.UserTransactionsPageTest","testNavigateToTransactionsPageAsUser"
"'Reset filter' clears selected options","9169","testResetFilter","suite name","Sat Sep 13 13:46:44 GMT 2025","passed","Sat Sep 13 13:46:53 GMT 2025","xyz.npgw.test.run.FraudControlTest","test name","xyz.npgw.test.run.FraudControlTest","testResetFilter"
"Verify that gateway Acquirer MID can be deactivated and then activated via bulk actions","33806","testChangeActivityViaBulkActions","suite name","Sat Sep 13 13:43:36 GMT 2025","passed","Sat Sep 13 13:44:10 GMT 2025","xyz.npgw.test.run.AcquirersPageTest","test name","xyz.npgw.test.run.AcquirersPageTest","testChangeActivityViaBulkActions"
"Error message 'From should be lesser than To' appears","3499","testErrorMessageByAmount","suite name","Sat Sep 13 13:52:02 GMT 2025","passed","Sat Sep 13 13:52:06 GMT 2025","xyz.npgw.test.run.TransactionsPageTest","test name","xyz.npgw.test.run.TransactionsPageTest","testErrorMessageByAmount"
"Correct transaction summary mock data is displayed on Dashboard page","8580","testTransactionSummaryMockAsTestAdmin","suite name","Sat Sep 13 13:57:12 GMT 2025","passed","Sat Sep 13 13:57:21 GMT 2025","xyz.npgw.test.run.TestAdminDashboardPageTest","test name","xyz.npgw.test.run.TestAdminDashboardPageTest","testTransactionSummaryMockAsTestAdmin"
"Correct transaction summary mock data is displayed on Dashboard page","10655","testTransactionSummaryMock","suite name","Sat Sep 13 13:56:40 GMT 2025","passed","Sat Sep 13 13:56:51 GMT 2025","xyz.npgw.test.run.DashboardPageTest","test name","xyz.npgw.test.run.DashboardPageTest","testTransactionSummaryMock"
"Create button is disabled if nothing is selected","2861","testCreateButtonIsDisabledByDefault","suite name","Sat Sep 13 13:57:57 GMT 2025","passed","Sat Sep 13 13:58:00 GMT 2025","xyz.npgw.test.run.TransactionManagementPageTest","test name","xyz.npgw.test.run.TransactionManagementPageTest","testCreateButtonIsDisabledByDefault"
"Editing a business unit updates its name while preserving the same ID","9869","testEditBusinessUnit","suite name","Sat Sep 13 13:52:10 GMT 2025","passed","Sat Sep 13 13:52:20 GMT 2025","xyz.npgw.test.run.CompaniesAndBusinessUnitsTest","test name","xyz.npgw.test.run.CompaniesAndBusinessUnitsTest","testEditBusinessUnit"
"Verify, that 'Reset filter' button change 'Amount' to default","3932","testResetAmountAsUser","suite name","Sat Sep 13 13:55:36 GMT 2025","passed","Sat Sep 13 13:55:40 GMT 2025","xyz.npgw.test.run.UserTransactionsPageTest","test name","xyz.npgw.test.run.UserTransactionsPageTest","testResetAmountAsUser"
"Unauthenticated users are automatically redirected to the 'Login page'","1247","testUnauthenticatedUserRedirectionToLoginPageUnauthenticated","suite name","Sat Sep 13 13:57:40 GMT 2025","passed","Sat Sep 13 13:57:41 GMT 2025","xyz.npgw.test.run.UnauthenticatedLoginPageTest","test name","xyz.npgw.test.run.UnauthenticatedLoginPageTest","testUnauthenticatedUserRedirectionToLoginPageUnauthenticated"
"Correct transaction summary mock data is displayed on Dashboard page","7376","testTransactionSummaryMockAsTestUser","suite name","Sat Sep 13 13:57:03 GMT 2025","passed","Sat Sep 13 13:57:11 GMT 2025","xyz.npgw.test.run.TestUserDashboardPageTest","test name","xyz.npgw.test.run.TestUserDashboardPageTest","testTransactionSummaryMockAsTestUser"
"Verify company admin can be deleted by another company admin","9402","testDeleteCompanyAdminAsAdmin","suite name","Sat Sep 13 13:52:22 GMT 2025","passed","Sat Sep 13 13:52:31 GMT 2025","xyz.npgw.test.run.AdminTeamPageTest","test name","xyz.npgw.test.run.AdminTeamPageTest","testDeleteCompanyAdminAsAdmin"
"Error message is displayed when start date is after end date.","1747","testErrorMessageForReversedDateRangeAsTestAdmin","suite name","Sat Sep 13 13:56:51 GMT 2025","passed","Sat Sep 13 13:56:53 GMT 2025","xyz.npgw.test.run.TestAdminDashboardPageTest","test name","xyz.npgw.test.run.TestAdminDashboardPageTest","testErrorMessageForReversedDateRangeAsTestAdmin"
"Adding a user with an existing email address results in an error message.","11926","testAddUserWithExistingEmail","suite name","Sat Sep 13 13:47:47 GMT 2025","passed","Sat Sep 13 13:47:59 GMT 2025","xyz.npgw.test.run.TeamPageTest","test name","xyz.npgw.test.run.TeamPageTest","testAddUserWithExistingEmail"
"Status filter correctly displays users with 'Active' or 'Inactive' status","16082","testStatusFilterDisplaysCorrectUsersAsAdmin","suite name","Sat Sep 13 13:51:46 GMT 2025","passed","Sat Sep 13 13:52:02 GMT 2025","xyz.npgw.test.run.AdminTeamPageTest","test name","xyz.npgw.test.run.AdminTeamPageTest","testStatusFilterDisplaysCorrectUsersAsAdmin"
"Verify, that 'Reset filter' button change 'Currency' to default value (ALL)","7055","testResetCurrency","suite name","Sat Sep 13 13:53:10 GMT 2025","passed","Sat Sep 13 13:53:17 GMT 2025","xyz.npgw.test.run.TransactionsPageTest","test name","xyz.npgw.test.run.TransactionsPageTest","testResetCurrency"
"Verify that re-selecting an already selected status keeps the selection unchanged.","11207","testRetainStatusWhenReSelectingSameOption","suite name","Sat Sep 13 13:41:17 GMT 2025","passed","Sat Sep 13 13:41:28 GMT 2025","xyz.npgw.test.run.AcquirersPageTest","test name","xyz.npgw.test.run.AcquirersPageTest","testRetainStatusWhenReSelectingSameOption"
"Verify Minimum and Maximum Password Length Restrictions (negative)","3517","testPasswordLengthRestrictionsOnChange","suite name","Sat Sep 13 13:54:31 GMT 2025","passed","Sat Sep 13 13:54:34 GMT 2025","xyz.npgw.test.run.HeaderTest","test name","xyz.npgw.test.run.HeaderTest","testPasswordLengthRestrictionsOnChange"
"Verify that entries can be sorted by Priority, Status, Acquirer and Currencies in Asc and Desc order","33436","testSortEntries","suite name","Sat Sep 13 13:48:50 GMT 2025","passed","Sat Sep 13 13:49:23 GMT 2025","xyz.npgw.test.run.GatewayPageTest","test name","xyz.npgw.test.run.GatewayPageTest","testSortEntries"
"User navigate to 'Dashboard page' after login","1007","testNavigateToDashboardAfterLoginAsTestAdmin","suite name","Sat Sep 13 13:56:54 GMT 2025","passed","Sat Sep 13 13:56:55 GMT 2025","xyz.npgw.test.run.TestAdminDashboardPageTest","test name","xyz.npgw.test.run.TestAdminDashboardPageTest","testNavigateToDashboardAfterLoginAsTestAdmin"
"Change company analyst role to company admin and change it's status as company admin","12008","testEditUserAsAdmin","suite name","Sat Sep 13 13:51:22 GMT 2025","passed","Sat Sep 13 13:51:34 GMT 2025","xyz.npgw.test.run.AdminTeamPageTest","test name","xyz.npgw.test.run.AdminTeamPageTest","testEditUserAsAdmin"
"Edit Acquirer Mid and Verify Updated Data in the Table","11486","testEditAcquirerMid","suite name","Sat Sep 13 13:44:22 GMT 2025","passed","Sat Sep 13 13:44:33 GMT 2025","xyz.npgw.test.run.AcquirersPageTest","test name","xyz.npgw.test.run.AcquirersPageTest","testEditAcquirerMid"
"Add Inactive Fraud Control","8634","testAddInactiveFraudControl","suite name","Sat Sep 13 13:40:58 GMT 2025","passed","Sat Sep 13 13:41:06 GMT 2025","xyz.npgw.test.run.FraudControlTest","test name","xyz.npgw.test.run.FraudControlTest","testAddInactiveFraudControl"
"Merchant acquirer can be successfully deleted","15189","testDeleteMerchantAcquirer","suite name","Sat Sep 13 13:47:07 GMT 2025","passed","Sat Sep 13 13:47:22 GMT 2025","xyz.npgw.test.run.GatewayPageTest","test name","xyz.npgw.test.run.GatewayPageTest","testDeleteMerchantAcquirer"
"'Reset filter' clears selected options to default","7105","testResetFilterAsTestUser","suite name","Sat Sep 13 13:56:45 GMT 2025","passed","Sat Sep 13 13:56:52 GMT 2025","xyz.npgw.test.run.TestUserDashboardPageTest","test name","xyz.npgw.test.run.TestUserDashboardPageTest","testResetFilterAsTestUser"
"All key chart elements are correctly displayed","8412","testVisibleChartElementsAreDisplayedCorrectlyAsTestUser","suite name","Sat Sep 13 13:57:11 GMT 2025","passed","Sat Sep 13 13:57:20 GMT 2025","xyz.npgw.test.run.TestUserDashboardPageTest","test name","xyz.npgw.test.run.TestUserDashboardPageTest","testVisibleChartElementsAreDisplayedCorrectlyAsTestUser"
"Verify text content for Header and Main body on 'Connect control' dialog","10076","testVerifyWarningModalWindowConnectControlTable","suite name","Sat Sep 13 13:47:27 GMT 2025","passed","Sat Sep 13 13:47:37 GMT 2025","xyz.npgw.test.run.FraudControlTest","test name","xyz.npgw.test.run.FraudControlTest","testVerifyWarningModalWindowConnectControlTable"
"Edit Amount","4990","testEditAmountAsUser","suite name","Sat Sep 13 13:55:20 GMT 2025","passed","Sat Sep 13 13:55:25 GMT 2025","xyz.npgw.test.run.UserTransactionsPageTest","test name","xyz.npgw.test.run.UserTransactionsPageTest","testEditAmountAsUser"
"Edit Amount","4891","testEditAmount","suite name","Sat Sep 13 13:51:56 GMT 2025","passed","Sat Sep 13 13:52:01 GMT 2025","xyz.npgw.test.run.TransactionsPageTest","test name","xyz.npgw.test.run.TransactionsPageTest","testEditAmount"
"'Reset filter' clears selected options to default","5678","testResetFilterAsTestAdmin","suite name","Sat Sep 13 13:56:57 GMT 2025","passed","Sat Sep 13 13:57:03 GMT 2025","xyz.npgw.test.run.TestAdminDashboardPageTest","test name","xyz.npgw.test.run.TestAdminDashboardPageTest","testResetFilterAsTestAdmin"
"Activate Fraud Control not added to Business UnitDeactivate Fraud Control not added to Business Unit","12539","testChangeControlActivityForFraudControlNotAddedToBusinessUnit","suite name","Sat Sep 13 13:48:42 GMT 2025","passed","Sat Sep 13 13:48:55 GMT 2025","xyz.npgw.test.run.FraudControlTest","test name","xyz.npgw.test.run.FraudControlTest","testChangeControlActivityForFraudControlNotAddedToBusinessUnit"
"Closes the transaction details dialog using both the button and the icon.","7080","testCloseTransactionDetailsDialog","suite name","Sat Sep 13 13:54:46 GMT 2025","passed","Sat Sep 13 13:54:53 GMT 2025","xyz.npgw.test.run.TransactionDetailsTest","test name","xyz.npgw.test.run.TransactionDetailsTest","testCloseTransactionDetailsDialog"
"Verify that all elements of dialog are displayed properly","8474","testElementsOfEditBusinessUnitDialog","suite name","Sat Sep 13 13:51:08 GMT 2025","passed","Sat Sep 13 13:51:16 GMT 2025","xyz.npgw.test.run.CompaniesAndBusinessUnitsTest","test name","xyz.npgw.test.run.CompaniesAndBusinessUnitsTest","testElementsOfEditBusinessUnitDialog"
"Verify, that 'Reset filter' button change 'Status' (two options are checked) to default value ( ALL)","1","testResetMultiStatusAsUser","suite name","Sat Sep 13 13:39:16 GMT 2025","unknown","Sat Sep 13 13:39:16 GMT 2025","xyz.npgw.test.run.UserTransactionsPageTest","test name","xyz.npgw.test.run.UserTransactionsPageTest","testResetMultiStatusAsUser"
"Error message is shown for company name is shorter than 4 or longer than 100 characters.","4973","testVerifyErrorMessageForInvalidCompanyNameLength","suite name","Sat Sep 13 13:51:47 GMT 2025","passed","Sat Sep 13 13:51:52 GMT 2025","xyz.npgw.test.run.CompaniesAndBusinessUnitsTest","test name","xyz.npgw.test.run.CompaniesAndBusinessUnitsTest","testVerifyErrorMessageForInvalidCompanyNameLength"
"User navigate to 'System administration page'","2331","testNavigateToSystemAdministrationPageAsAdmin","suite name","Sat Sep 13 13:51:34 GMT 2025","passed","Sat Sep 13 13:51:37 GMT 2025","xyz.npgw.test.run.AdminTeamPageTest","test name","xyz.npgw.test.run.AdminTeamPageTest","testNavigateToSystemAdministrationPageAsAdmin"
"All key chart elements are correctly displayed","7737","testVisibleChartElementsAreDisplayedCorrectly","suite name","Sat Sep 13 13:56:52 GMT 2025","passed","Sat Sep 13 13:56:59 GMT 2025","xyz.npgw.test.run.DashboardPageTest","test name","xyz.npgw.test.run.DashboardPageTest","testVisibleChartElementsAreDisplayedCorrectly"
"Verify, that 'Reset filter' button change 'Card Type' to default value (ALL)","5243","testResetCardTypeAsAdmin","suite name","Sat Sep 13 13:55:31 GMT 2025","passed","Sat Sep 13 13:55:37 GMT 2025","xyz.npgw.test.run.AdminTransactionsPageTest","test name","xyz.npgw.test.run.AdminTransactionsPageTest","testResetCardTypeAsAdmin"
"Reset Amount Values","5700","testResetAmountValuesAsAdmin","suite name","Sat Sep 13 13:55:24 GMT 2025","passed","Sat Sep 13 13:55:30 GMT 2025","xyz.npgw.test.run.AdminTransactionsPageTest","test name","xyz.npgw.test.run.AdminTransactionsPageTest","testResetAmountValuesAsAdmin"
"Unauthenticated user navigate to 'Login page'","1311","testNavigateToLoginPageUnauthenticated","suite name","Sat Sep 13 13:57:27 GMT 2025","passed","Sat Sep 13 13:57:28 GMT 2025","xyz.npgw.test.run.UnauthenticatedLoginPageTest","test name","xyz.npgw.test.run.UnauthenticatedLoginPageTest","testNavigateToLoginPageUnauthenticated"
"Correct merchant ID is sent to the server","3503","testCheckMerchantId","suite name","Sat Sep 13 13:55:59 GMT 2025","passed","Sat Sep 13 13:56:03 GMT 2025","xyz.npgw.test.run.DashboardPageTest","test name","xyz.npgw.test.run.DashboardPageTest","testCheckMerchantId"
"Verify company analyst can be deleted by company admin","10148","testDeleteCompanyAnalystAsAdmin","suite name","Sat Sep 13 13:52:32 GMT 2025","passed","Sat Sep 13 13:52:42 GMT 2025","xyz.npgw.test.run.AdminTeamPageTest","test name","xyz.npgw.test.run.AdminTeamPageTest","testDeleteCompanyAnalystAsAdmin"
"'Reset filter' button resets the 'Status' filter to 'All' and clears the selected company","7496","testResetFilter","suite name","Sat Sep 13 13:49:35 GMT 2025","passed","Sat Sep 13 13:49:42 GMT 2025","xyz.npgw.test.run.TeamPageTest","test name","xyz.npgw.test.run.TeamPageTest","testResetFilter"
"Edits the user's role and status, verifies the updates, and reactivates the user.","14257","testEditUser","suite name","Sat Sep 13 13:49:18 GMT 2025","passed","Sat Sep 13 13:49:32 GMT 2025","xyz.npgw.test.run.TeamPageTest","test name","xyz.npgw.test.run.TeamPageTest","testEditUser"
"Adding a user with an existing email address results in an error message.","8727","testAddUserWithExistingEmailAsAdmin","suite name","Sat Sep 13 13:50:04 GMT 2025","passed","Sat Sep 13 13:50:13 GMT 2025","xyz.npgw.test.run.AdminTeamPageTest","test name","xyz.npgw.test.run.AdminTeamPageTest","testAddUserWithExistingEmailAsAdmin"
"Reset company analyst password as company admin","14151","testResetPasswordForCompanyAnalystAsAdmin","suite name","Sat Sep 13 13:54:30 GMT 2025","passed","Sat Sep 13 13:54:44 GMT 2025","xyz.npgw.test.run.TeamPageLogoutTest","test name","xyz.npgw.test.run.TeamPageLogoutTest","testResetPasswordForCompanyAnalystAsAdmin"
"Add new system admin under super admin","7715","testAddSystemAdmin","suite name","Sat Sep 13 13:47:38 GMT 2025","passed","Sat Sep 13 13:47:46 GMT 2025","xyz.npgw.test.run.TeamPageTest","test name","xyz.npgw.test.run.TeamPageTest","testAddSystemAdmin"
"New acquirer MID can be successfully set up and displayed correctly in the acquirers table.","12512","testSetupAcquirerMid","suite name","Sat Sep 13 13:42:02 GMT 2025","passed","Sat Sep 13 13:42:14 GMT 2025","xyz.npgw.test.run.AcquirersPageTest","test name","xyz.npgw.test.run.AcquirersPageTest","testSetupAcquirerMid"
"Delete Fraud Control with Cancel buttonDelete Fraud Control with 'Cross'Delete Fraud Control with ESC","11019","testCancelDeletingFraudControl","suite name","Sat Sep 13 13:48:14 GMT 2025","passed","Sat Sep 13 13:48:25 GMT 2025","xyz.npgw.test.run.FraudControlTest","test name","xyz.npgw.test.run.FraudControlTest","testCancelDeletingFraudControl"
"Tooltips for available actions check","11978","testTooltipsForActionsBusinessUnitControlTable","suite name","Sat Sep 13 13:49:11 GMT 2025","passed","Sat Sep 13 13:49:23 GMT 2025","xyz.npgw.test.run.FraudControlTest","test name","xyz.npgw.test.run.FraudControlTest","testTooltipsForActionsBusinessUnitControlTable"
"Choose amount popup functionality","5531","testChooseAmountPopUpAsAdmin","suite name","Sat Sep 13 13:54:54 GMT 2025","passed","Sat Sep 13 13:55:00 GMT 2025","xyz.npgw.test.run.AdminTransactionsPageTest","test name","xyz.npgw.test.run.AdminTransactionsPageTest","testChooseAmountPopUpAsAdmin"
"Check if the user can change the password through the profile settings in the user menu","6288","testChangePassword","suite name","Sat Sep 13 13:58:05 GMT 2025","passed","Sat Sep 13 13:58:11 GMT 2025","xyz.npgw.test.run.HeaderLogoutTest","test name","xyz.npgw.test.run.HeaderLogoutTest","testChangePassword"
"Search by NPGW reference within Add adjustment dialog and check placeholders","0","testPlaceholdersAndSearchNpgwInAddAdjustment","suite name","Sat Sep 13 13:39:16 GMT 2025","unknown","Sat Sep 13 13:39:16 GMT 2025","xyz.npgw.test.run.TransactionManagementPageTest","test name","xyz.npgw.test.run.TransactionManagementPageTest","testPlaceholdersAndSearchNpgwInAddAdjustment"
"Filtering transactions by Card type displays only matching entries in the table.","18089","testFilterByCardType","suite name","Sat Sep 13 13:40:26 GMT 2025","passed","Sat Sep 13 13:40:44 GMT 2025","xyz.npgw.test.run.TransactionsTableTest","test name","xyz.npgw.test.run.TransactionsTableTest","testFilterByCardType"
"Tooltips for available actions check","6038","testTooltipsForAcquirersTable","suite name","Sat Sep 13 13:42:30 GMT 2025","passed","Sat Sep 13 13:42:36 GMT 2025","xyz.npgw.test.run.AcquirersPageTest","test name","xyz.npgw.test.run.AcquirersPageTest","testTooltipsForAcquirersTable"
"Error message 'From should be lesser than To' appears","3353","testErrorMessageByAmountAsAdmin","suite name","Sat Sep 13 13:55:11 GMT 2025","passed","Sat Sep 13 13:55:14 GMT 2025","xyz.npgw.test.run.AdminTransactionsPageTest","test name","xyz.npgw.test.run.AdminTransactionsPageTest","testErrorMessageByAmountAsAdmin"
"Contents of Tooltips, that appear after hovering on the icon-buttons, are correct","20606","testTeamTooltipsContent","suite name","Sat Sep 13 13:50:17 GMT 2025","passed","Sat Sep 13 13:50:38 GMT 2025","xyz.npgw.test.run.TeamPageTest","test name","xyz.npgw.test.run.TeamPageTest","testTeamTooltipsContent"
"Correct transaction summary is displayed on Dashboard page","8153","testTransactionSummaryAsTestAdmin","suite name","Sat Sep 13 13:57:04 GMT 2025","passed","Sat Sep 13 13:57:12 GMT 2025","xyz.npgw.test.run.TestAdminDashboardPageTest","test name","xyz.npgw.test.run.TestAdminDashboardPageTest","testTransactionSummaryAsTestAdmin"
"Add Fraud Control to Business Unit (No Fraud Control)Add Fraud Control to Business Unit (Business unit has Fraud Control)","24500","testAddFraudControlToBusinessUnit","suite name","Sat Sep 13 13:40:32 GMT 2025","passed","Sat Sep 13 13:40:56 GMT 2025","xyz.npgw.test.run.FraudControlTest","test name","xyz.npgw.test.run.FraudControlTest","testAddFraudControlToBusinessUnit"
"Add new company admin as company admin","5951","testAddCompanyAdminAsAdmin","suite name","Sat Sep 13 13:49:45 GMT 2025","passed","Sat Sep 13 13:49:51 GMT 2025","xyz.npgw.test.run.AdminTeamPageTest","test name","xyz.npgw.test.run.AdminTeamPageTest","testAddCompanyAdminAsAdmin"
"Check if the user can change the password through the profile settings in the user menu","6076","testChangePassword","suite name","Sat Sep 13 13:57:50 GMT 2025","passed","Sat Sep 13 13:57:56 GMT 2025","xyz.npgw.test.run.HeaderLogoutTest","test name","xyz.npgw.test.run.HeaderLogoutTest","testChangePassword"
"Verify that users can be sorted in reverse alphabetical order","3836","testCheckSortingListOfUsersReverseAsAdmin","suite name","Sat Sep 13 13:50:17 GMT 2025","passed","Sat Sep 13 13:50:21 GMT 2025","xyz.npgw.test.run.AdminTeamPageTest","test name","xyz.npgw.test.run.AdminTeamPageTest","testCheckSortingListOfUsersReverseAsAdmin"
"Activate Business unit controlDeactivate Business unit control","34005","testChangeBusinessUnitFraudControlActivity","suite name","Sat Sep 13 13:42:31 GMT 2025","passed","Sat Sep 13 13:43:05 GMT 2025","xyz.npgw.test.run.FraudControlTest","test name","xyz.npgw.test.run.FraudControlTest","testChangeBusinessUnitFraudControlActivity"
"Verify that on the Transactions Page user can see Panel: Company Business unit, Date range, Currency, Card type, Status, Trx Ids, Amount, Reset filter, Apply data, Download file, Settings.","1535","testVisibilityOfControlPanelElements","suite name","Sat Sep 13 13:54:05 GMT 2025","passed","Sat Sep 13 13:54:06 GMT 2025","xyz.npgw.test.run.TransactionsPageTest","test name","xyz.npgw.test.run.TransactionsPageTest","testVisibilityOfControlPanelElements"
"Verify, that contents of Tooltips, that appear after hovering on the icon-buttons, are correct","9289","testTooltipsContent","suite name","Sat Sep 13 13:51:37 GMT 2025","passed","Sat Sep 13 13:51:46 GMT 2025","xyz.npgw.test.run.CompaniesAndBusinessUnitsTest","test name","xyz.npgw.test.run.CompaniesAndBusinessUnitsTest","testTooltipsContent"
"'Reset filter' clears selected options to default","5129","testResetFilter","suite name","Sat Sep 13 13:56:25 GMT 2025","passed","Sat Sep 13 13:56:31 GMT 2025","xyz.npgw.test.run.DashboardPageTest","test name","xyz.npgw.test.run.DashboardPageTest","testResetFilter"
"Verify that users can be sorted alphabetically","2911","testCheckSortingListOfUsersAlphabeticallyAsAdmin","suite name","Sat Sep 13 13:50:14 GMT 2025","passed","Sat Sep 13 13:50:16 GMT 2025","xyz.npgw.test.run.AdminTeamPageTest","test name","xyz.npgw.test.run.AdminTeamPageTest","testCheckSortingListOfUsersAlphabeticallyAsAdmin"
"Verify that error message is displayed when special symbols are entered in the Control name field after clicking create button","31745","testSpecialSymbolsInControlNameNotAllowed","suite name","Sat Sep 13 13:46:54 GMT 2025","passed","Sat Sep 13 13:47:26 GMT 2025","xyz.npgw.test.run.FraudControlTest","test name","xyz.npgw.test.run.FraudControlTest","testSpecialSymbolsInControlNameNotAllowed"
"Reset Amount Values","2635","testResetAmountValues","suite name","Sat Sep 13 13:52:54 GMT 2025","passed","Sat Sep 13 13:52:57 GMT 2025","xyz.npgw.test.run.TransactionsPageTest","test name","xyz.npgw.test.run.TransactionsPageTest","testResetAmountValues"
"The company info block can be hidden and shown via settings.","3781","testToggleCompanyInfoVisibilityViaSettings","suite name","Sat Sep 13 13:51:33 GMT 2025","passed","Sat Sep 13 13:51:36 GMT 2025","xyz.npgw.test.run.CompaniesAndBusinessUnitsTest","test name","xyz.npgw.test.run.CompaniesAndBusinessUnitsTest","testToggleCompanyInfoVisibilityViaSettings"
"Correct merchant ID is sent to the server","2283","testCheckMerchantIdAsTestAdmin","suite name","Sat Sep 13 13:56:47 GMT 2025","passed","Sat Sep 13 13:56:49 GMT 2025","xyz.npgw.test.run.TestAdminDashboardPageTest","test name","xyz.npgw.test.run.TestAdminDashboardPageTest","testCheckMerchantIdAsTestAdmin"
"'Reset' button clears selected filter values and resets them to default.","8882","testResetFilter","suite name","Sat Sep 13 13:40:56 GMT 2025","passed","Sat Sep 13 13:41:05 GMT 2025","xyz.npgw.test.run.AcquirersPageTest","test name","xyz.npgw.test.run.AcquirersPageTest","testResetFilter"
"Check password policy validation error messages when changing password in user menu","17231","testChangePasswordValidationMessages","suite name","Sat Sep 13 13:53:34 GMT 2025","passed","Sat Sep 13 13:53:51 GMT 2025","xyz.npgw.test.run.HeaderTest","test name","xyz.npgw.test.run.HeaderTest","testChangePasswordValidationMessages"
"'Reset' button clears selected filter values and resets them to default.","8236","testResetFilter","suite name","Sat Sep 13 13:41:07 GMT 2025","passed","Sat Sep 13 13:41:15 GMT 2025","xyz.npgw.test.run.AcquirersPageTest","test name","xyz.npgw.test.run.AcquirersPageTest","testResetFilter"
"Log out via button in the user menu","1237","testLogOutViaButtonInUserMenu","suite name","Sat Sep 13 13:57:28 GMT 2025","passed","Sat Sep 13 13:57:30 GMT 2025","xyz.npgw.test.run.HeaderLogoutTest","test name","xyz.npgw.test.run.HeaderLogoutTest","testLogOutViaButtonInUserMenu"
"Create new company admin user under admin","7313","testCreateCompanyAdminUserAsAdmin","suite name","Sat Sep 13 13:50:24 GMT 2025","passed","Sat Sep 13 13:50:31 GMT 2025","xyz.npgw.test.run.AdminTeamPageTest","test name","xyz.npgw.test.run.AdminTeamPageTest","testCreateCompanyAdminUserAsAdmin"
"Deactivate company analyst by 'Change user activity button' and verify status change as admin","14093","testDeactivateUserViaChangeUserActivityButtonAsAdmin","suite name","Sat Sep 13 13:50:51 GMT 2025","passed","Sat Sep 13 13:51:05 GMT 2025","xyz.npgw.test.run.AdminTeamPageTest","test name","xyz.npgw.test.run.AdminTeamPageTest","testDeactivateUserViaChangeUserActivityButtonAsAdmin"
"Check possibility to select an appropriate acquirer to merchant","15371","testSelectAcquirer","suite name","Sat Sep 13 13:48:33 GMT 2025","passed","Sat Sep 13 13:48:49 GMT 2025","xyz.npgw.test.run.GatewayPageTest","test name","xyz.npgw.test.run.GatewayPageTest","testSelectAcquirer"
"The 'Status' dropdown toggles and contains options All, Active, Inactive.","3917","testVerifyStatusDropdownContainsAllOptions","suite name","Sat Sep 13 13:43:17 GMT 2025","passed","Sat Sep 13 13:43:21 GMT 2025","xyz.npgw.test.run.AcquirersPageTest","test name","xyz.npgw.test.run.AcquirersPageTest","testVerifyStatusDropdownContainsAllOptions"
"Verify that 'NPGW reference' and 'Business unit reference' fields appear when clicking on 'Trx IDs'.","12409","testTransactionSearchByNpgwReference","suite name","Sat Sep 13 13:53:51 GMT 2025","passed","Sat Sep 13 13:54:04 GMT 2025","xyz.npgw.test.run.TransactionsPageTest","test name","xyz.npgw.test.run.TransactionsPageTest","testTransactionSearchByNpgwReference"
"Verify that 'Connected business unit controls' table can be sorted","57235","testBusinessUnitControlTableEntriesSorting","suite name","Sat Sep 13 13:41:08 GMT 2025","passed","Sat Sep 13 13:42:05 GMT 2025","xyz.npgw.test.run.FraudControlTest","test name","xyz.npgw.test.run.FraudControlTest","testBusinessUnitControlTableEntriesSorting"
"Verify that transactions are present in the table when a currency filter is applied on the last page","12804","testTableDisplayWhenCurrencyFilterAppliedWhileOnLastPage","suite name","Sat Sep 13 13:44:16 GMT 2025","passed","Sat Sep 13 13:44:28 GMT 2025","xyz.npgw.test.run.TransactionsTableTest","test name","xyz.npgw.test.run.TransactionsTableTest","testTableDisplayWhenCurrencyFilterAppliedWhileOnLastPage"
"Verify the default 'Rows per page' value is 25 and the dropdown contains the correct options.","3987","testRowsPerPageDropdownOptions","suite name","Sat Sep 13 13:41:30 GMT 2025","passed","Sat Sep 13 13:41:34 GMT 2025","xyz.npgw.test.run.AcquirersPageTest","test name","xyz.npgw.test.run.AcquirersPageTest","testRowsPerPageDropdownOptions"
"Verify that business unit cannot be deleted if there are users associated with it","6137","testDeletingBusinessUnitWithUsersFailsWithError","suite name","Sat Sep 13 13:51:01 GMT 2025","passed","Sat Sep 13 13:51:08 GMT 2025","xyz.npgw.test.run.TeamPageTest","test name","xyz.npgw.test.run.TeamPageTest","testDeletingBusinessUnitWithUsersFailsWithError"
"Verify that the error message is displayed if 'Entity name' contains not allowed special symbol","7602","testErrorMessageForNotAllowedSymbolsInEntityName","suite name","Sat Sep 13 13:40:30 GMT 2025","passed","Sat Sep 13 13:40:38 GMT 2025","xyz.npgw.test.run.AcquirersPageTest","test name","xyz.npgw.test.run.AcquirersPageTest","testErrorMessageForNotAllowedSymbolsInEntityName"
"Check the hiding of parameters by pressing the chevron in Card details section","11108","testCheckTheHidingOfParameters","suite name","Sat Sep 13 13:54:25 GMT 2025","passed","Sat Sep 13 13:54:36 GMT 2025","xyz.npgw.test.run.TransactionDetailsTest","test name","xyz.npgw.test.run.TransactionDetailsTest","testCheckTheHidingOfParameters"
"User email is remembered after first successful login with checked 'Remember me'","3615","testRememberMeCheckedSavesUserEmailUnauthenticated","suite name","Sat Sep 13 13:57:29 GMT 2025","passed","Sat Sep 13 13:57:33 GMT 2025","xyz.npgw.test.run.UnauthenticatedLoginPageTest","test name","xyz.npgw.test.run.UnauthenticatedLoginPageTest","testRememberMeCheckedSavesUserEmailUnauthenticated"
"Verify that company cannot be deleted if there are associated business units","5999","testCannotDeleteCompanyWithAssociatedBusinessUnit","suite name","Sat Sep 13 13:52:22 GMT 2025","passed","Sat Sep 13 13:52:28 GMT 2025","xyz.npgw.test.run.CompaniesAndBusinessUnitsTest","test name","xyz.npgw.test.run.CompaniesAndBusinessUnitsTest","testCannotDeleteCompanyWithAssociatedBusinessUnit"
"For Admin : contents of Tooltips, that appear after hovering on the icon-buttons, are correct","18227","testTeamTooltipsContentAsAdmin","suite name","Sat Sep 13 13:52:03 GMT 2025","passed","Sat Sep 13 13:52:21 GMT 2025","xyz.npgw.test.run.AdminTeamPageTest","test name","xyz.npgw.test.run.AdminTeamPageTest","testTeamTooltipsContentAsAdmin"
"Unauthenticated users are automatically redirected to the 'Login page'","933","testUnauthenticatedUserRedirectionToLoginPageUnauthenticated","suite name","Sat Sep 13 13:57:45 GMT 2025","passed","Sat Sep 13 13:57:46 GMT 2025","xyz.npgw.test.run.UnauthenticatedLoginPageTest","test name","xyz.npgw.test.run.UnauthenticatedLoginPageTest","testUnauthenticatedUserRedirectionToLoginPageUnauthenticated"
"Filter controls by type","5478","testFilterControlsByType","suite name","Sat Sep 13 13:45:33 GMT 2025","passed","Sat Sep 13 13:45:38 GMT 2025","xyz.npgw.test.run.FraudControlTest","test name","xyz.npgw.test.run.FraudControlTest","testFilterControlsByType"
"Verify Acquirer can be activated and deactivated from the table","12458","testAcquirerCanBeActivatedAndDeactivated","suite name","Sat Sep 13 13:39:31 GMT 2025","passed","Sat Sep 13 13:39:44 GMT 2025","xyz.npgw.test.run.AcquirersPageTest","test name","xyz.npgw.test.run.AcquirersPageTest","testAcquirerCanBeActivatedAndDeactivated"
"Verify company admin can be deleted","10323","testDeleteCompanyAdmin","suite name","Sat Sep 13 13:50:39 GMT 2025","passed","Sat Sep 13 13:50:49 GMT 2025","xyz.npgw.test.run.TeamPageTest","test name","xyz.npgw.test.run.TeamPageTest","testDeleteCompanyAdmin"
"Verify text content for Header and Main body on 'Delete control' dialog","4900","testVerifyWarningModalWindowDeleteControlTable","suite name","Sat Sep 13 13:47:38 GMT 2025","passed","Sat Sep 13 13:47:43 GMT 2025","xyz.npgw.test.run.FraudControlTest","test name","xyz.npgw.test.run.FraudControlTest","testVerifyWarningModalWindowDeleteControlTable"
"The transaction table data on the UI matches the exported PDF file data.","45444","testTransactionTableMatchesDownloadedPdf","suite name","Sat Sep 13 13:46:01 GMT 2025","passed","Sat Sep 13 13:46:47 GMT 2025","xyz.npgw.test.run.TransactionsTableTest","test name","xyz.npgw.test.run.TransactionsTableTest","testTransactionTableMatchesDownloadedPdf"
"Choose amount popup functionality","7106","testChooseAmountPopUpAsUser","suite name","Sat Sep 13 13:55:06 GMT 2025","passed","Sat Sep 13 13:55:13 GMT 2025","xyz.npgw.test.run.UserTransactionsPageTest","test name","xyz.npgw.test.run.UserTransactionsPageTest","testChooseAmountPopUpAsUser"
"Move merchant-acquirer down to reduce their priority, Move merchant-acquirer up to increase their priority","28799","testMoveMerchantAcquirerDownAndUpButtons","suite name","Sat Sep 13 13:47:23 GMT 2025","passed","Sat Sep 13 13:47:52 GMT 2025","xyz.npgw.test.run.GatewayPageTest","test name","xyz.npgw.test.run.GatewayPageTest","testMoveMerchantAcquirerDownAndUpButtons"
"User navigate to 'Transactions page' after clicking on 'Transactions' link on the header","1593","testNavigateToTransactionsPageAsAdmin","suite name","Sat Sep 13 13:55:16 GMT 2025","passed","Sat Sep 13 13:55:17 GMT 2025","xyz.npgw.test.run.AdminTransactionsPageTest","test name","xyz.npgw.test.run.AdminTransactionsPageTest","testNavigateToTransactionsPageAsAdmin"
"Edit Fraud Control with Cancel buttonEdit Fraud Control with 'Cross'Edit Fraud Control with ESC","15185","testCancelEditingFraudControl","suite name","Sat Sep 13 13:48:26 GMT 2025","passed","Sat Sep 13 13:48:41 GMT 2025","xyz.npgw.test.run.FraudControlTest","test name","xyz.npgw.test.run.FraudControlTest","testCancelEditingFraudControl"
"The 'Currency' dropdown toggles and contains options","3096","testOpenCurrencyDropdown","suite name","Sat Sep 13 13:47:53 GMT 2025","passed","Sat Sep 13 13:47:56 GMT 2025","xyz.npgw.test.run.GatewayPageTest","test name","xyz.npgw.test.run.GatewayPageTest","testOpenCurrencyDropdown"
"Create and deactivate company analyst as super admin","28512","testCreateCompanyAnalystAndDeactivate","suite name","Sat Sep 13 13:53:03 GMT 2025","passed","Sat Sep 13 13:53:32 GMT 2025","xyz.npgw.test.run.TeamPageLogoutTest","test name","xyz.npgw.test.run.TeamPageLogoutTest","testCreateCompanyAnalystAndDeactivate"
"Error message when trying to create a company with invalid length and special characters.","2842","testErrorForInvalidCompanyNameLengthAndCharacters","suite name","Sat Sep 13 13:51:22 GMT 2025","passed","Sat Sep 13 13:51:25 GMT 2025","xyz.npgw.test.run.CompaniesAndBusinessUnitsTest","test name","xyz.npgw.test.run.CompaniesAndBusinessUnitsTest","testErrorForInvalidCompanyNameLengthAndCharacters"
"Displaying 'Rows per page' options when clicking on the RowsPerPage selector","8264","testCountOptionsSelectorRows","suite name","Sat Sep 13 13:40:16 GMT 2025","passed","Sat Sep 13 13:40:24 GMT 2025","xyz.npgw.test.run.TransactionsTableTest","test name","xyz.npgw.test.run.TransactionsTableTest","testCountOptionsSelectorRows"
"Add already added Fraud Control to Business Unit: BU Control ActiveAdd already added Fraud Control to Business Unit: BU Control Inactive","26139","testAddAlreadyAddedFraudControlToBusinessUnit","suite name","Sat Sep 13 13:40:05 GMT 2025","passed","Sat Sep 13 13:40:31 GMT 2025","xyz.npgw.test.run.FraudControlTest","test name","xyz.npgw.test.run.FraudControlTest","testAddAlreadyAddedFraudControlToBusinessUnit"
"Choose amount popup functionality","6720","testChooseAmountPopUp","suite name","Sat Sep 13 13:51:43 GMT 2025","passed","Sat Sep 13 13:51:50 GMT 2025","xyz.npgw.test.run.TransactionsPageTest","test name","xyz.npgw.test.run.TransactionsPageTest","testChooseAmountPopUp"
"Verify Selecting 'Rows per page' Option Updates the Field Value.","10573","testSelectingRowsPerPageOptionUpdatesFieldValue","suite name","Sat Sep 13 13:41:49 GMT 2025","passed","Sat Sep 13 13:42:00 GMT 2025","xyz.npgw.test.run.AcquirersPageTest","test name","xyz.npgw.test.run.AcquirersPageTest","testSelectingRowsPerPageOptionUpdatesFieldValue"
"Verify that the user can switch to the dark theme","2225","testDarkColorThemeSwitch","suite name","Sat Sep 13 13:54:13 GMT 2025","passed","Sat Sep 13 13:54:16 GMT 2025","xyz.npgw.test.run.HeaderTest","test name","xyz.npgw.test.run.HeaderTest","testDarkColorThemeSwitch"
"Status filter correctly displays users with 'Active' or 'Inactive' status","16033","testStatusFilterDisplaysCorrectUsers","suite name","Sat Sep 13 13:49:43 GMT 2025","passed","Sat Sep 13 13:49:59 GMT 2025","xyz.npgw.test.run.TeamPageTest","test name","xyz.npgw.test.run.TeamPageTest","testStatusFilterDisplaysCorrectUsers"
"Move Business unit control upMove Business unit control down","29482","testChangeFraudControlPriority","suite name","Sat Sep 13 13:43:39 GMT 2025","passed","Sat Sep 13 13:44:09 GMT 2025","xyz.npgw.test.run.FraudControlTest","test name","xyz.npgw.test.run.FraudControlTest","testChangeFraudControlPriority"
