"DESCRIPTION","DURATION IN MS","NAME","PARENT SUITE","START TIME","STATUS","STOP TIME","SUB SUITE","SUITE","TEST CLASS","TEST METHOD"
"Correct transaction summary mock data is displayed on Dashboard page","9136","testTransactionSummaryMockAsTestUser","suite name","Thu Sep 18 12:18:17 GMT 2025","passed","Thu Sep 18 12:18:26 GMT 2025","xyz.npgw.test.run.TestUserDashboardPageTest","test name","xyz.npgw.test.run.TestUserDashboardPageTest","testTransactionSummaryMockAsTestUser"
"User navigate to 'System administration page'","1965","testNavigateToSystemAdministrationPageAsAdmin","suite name","Thu Sep 18 12:12:48 GMT 2025","passed","Thu Sep 18 12:12:50 GMT 2025","xyz.npgw.test.run.AdminTeamPageTest","test name","xyz.npgw.test.run.AdminTeamPageTest","testNavigateToSystemAdministrationPageAsAdmin"
"Verify, that 'Reset filter' button change 'Status' (two options are checked) to default value ( ALL)","0","testResetMultiStatusAsAdmin","suite name","Thu Sep 18 12:00:44 GMT 2025","unknown","Thu Sep 18 12:00:44 GMT 2025","xyz.npgw.test.run.AdminTransactionsPageTest","test name","xyz.npgw.test.run.AdminTransactionsPageTest","testResetMultiStatusAsAdmin"
"User email is remembered after first successful login with checked 'Remember me'","5003","testRememberMeCheckedSavesUserEmailUnauthenticated","suite name","Thu Sep 18 12:18:51 GMT 2025","passed","Thu Sep 18 12:18:56 GMT 2025","xyz.npgw.test.run.UnauthenticatedLoginPageTest","test name","xyz.npgw.test.run.UnauthenticatedLoginPageTest","testRememberMeCheckedSavesUserEmailUnauthenticated"
"Verifies that the Acquirers table displays correct data for the selected acquirer and shows relevant action buttons.","7336","testDisplaySingleRowWhenAcquirerIsSelected","suite name","Thu Sep 18 12:01:45 GMT 2025","passed","Thu Sep 18 12:01:52 GMT 2025","xyz.npgw.test.run.AcquirersPageTest","test name","xyz.npgw.test.run.AcquirersPageTest","testDisplaySingleRowWhenAcquirerIsSelected"
"Tooltips for available actions check","0","testTooltipsForActionsControlTable","suite name","Thu Sep 18 12:00:44 GMT 2025","unknown","Thu Sep 18 12:00:44 GMT 2025","xyz.npgw.test.run.FraudControlTest","test name","xyz.npgw.test.run.FraudControlTest","testTooltipsForActionsControlTable"
"Add Active Fraud Control","7617","testAddActiveFraudControl","suite name","Thu Sep 18 12:01:01 GMT 2025","passed","Thu Sep 18 12:01:08 GMT 2025","xyz.npgw.test.run.FraudControlTest","test name","xyz.npgw.test.run.FraudControlTest","testAddActiveFraudControl"
"Verifies that the status radio buttons ('Active' and 'Inactive') toggle correctly.","5786","testToggleStatusRadioButtonsCorrectly","suite name","Thu Sep 18 12:03:54 GMT 2025","passed","Thu Sep 18 12:04:00 GMT 2025","xyz.npgw.test.run.AcquirersPageTest","test name","xyz.npgw.test.run.AcquirersPageTest","testToggleStatusRadioButtonsCorrectly"
"Verify Reset filter cleans all the filters applied","18483","testResetAllTheFilters","suite name","Thu Sep 18 12:09:25 GMT 2025","passed","Thu Sep 18 12:09:43 GMT 2025","xyz.npgw.test.run.GatewayPageTest","test name","xyz.npgw.test.run.GatewayPageTest","testResetAllTheFilters"
"Check password policy validation error messages when changing password in user menu","17571","testChangePasswordValidationMessages","suite name","Thu Sep 18 12:15:26 GMT 2025","passed","Thu Sep 18 12:15:43 GMT 2025","xyz.npgw.test.run.HeaderTest","test name","xyz.npgw.test.run.HeaderTest","testChangePasswordValidationMessages"
"User can choose the view of the Transactions Table (normal or condensed) in Settings dropdown panel.","4825","testSettings","suite name","Thu Sep 18 12:13:27 GMT 2025","passed","Thu Sep 18 12:13:32 GMT 2025","xyz.npgw.test.run.TeamPageTest","test name","xyz.npgw.test.run.TeamPageTest","testSettings"
"Verify, that the data in Transaction Details Dialog corresponds to the data in Transactions table","11006","testDataMatching","suite name","Thu Sep 18 12:16:41 GMT 2025","passed","Thu Sep 18 12:16:52 GMT 2025","xyz.npgw.test.run.TransactionDetailsTest","test name","xyz.npgw.test.run.TransactionDetailsTest","testDataMatching"
"Reset Amount Values","5539","testResetAmountValuesAsUser","suite name","Thu Sep 18 12:17:16 GMT 2025","passed","Thu Sep 18 12:17:21 GMT 2025","xyz.npgw.test.run.UserTransactionsPageTest","test name","xyz.npgw.test.run.UserTransactionsPageTest","testResetAmountValuesAsUser"
"Add Inactive Fraud Control","7929","testAddInactiveFraudControl","suite name","Thu Sep 18 12:02:18 GMT 2025","passed","Thu Sep 18 12:02:26 GMT 2025","xyz.npgw.test.run.FraudControlTest","test name","xyz.npgw.test.run.FraudControlTest","testAddInactiveFraudControl"
"Unauthenticated users are automatically redirected to the 'Login page'","1104","testUnauthenticatedUserRedirectionToLoginPageUnauthenticated","suite name","Thu Sep 18 12:19:08 GMT 2025","passed","Thu Sep 18 12:19:09 GMT 2025","xyz.npgw.test.run.UnauthenticatedLoginPageTest","test name","xyz.npgw.test.run.UnauthenticatedLoginPageTest","testUnauthenticatedUserRedirectionToLoginPageUnauthenticated"
"Verify Minimum and Maximum Password Length Restrictions (negative)","3288","testPasswordLengthRestrictionsOnChange","suite name","Thu Sep 18 12:16:12 GMT 2025","passed","Thu Sep 18 12:16:16 GMT 2025","xyz.npgw.test.run.HeaderTest","test name","xyz.npgw.test.run.HeaderTest","testPasswordLengthRestrictionsOnChange"
"Verify that changing the order of visible columns in Settings affects the table.","10279","testMoveVisibleColumns","suite name","Thu Sep 18 12:03:55 GMT 2025","passed","Thu Sep 18 12:04:06 GMT 2025","xyz.npgw.test.run.TransactionsTableTest","test name","xyz.npgw.test.run.TransactionsTableTest","testMoveVisibleColumns"
"Verify Selecting 'Rows per page' Option Updates the Field Value.","11175","testSelectingRowsPerPageOptionUpdatesFieldValue","suite name","Thu Sep 18 12:03:27 GMT 2025","passed","Thu Sep 18 12:03:38 GMT 2025","xyz.npgw.test.run.AcquirersPageTest","test name","xyz.npgw.test.run.AcquirersPageTest","testSelectingRowsPerPageOptionUpdatesFieldValue"
"Add Active Fraud Control with Fraud Screen type","9050","testAddActiveFraudControlWithFraudScreenType","suite name","Thu Sep 18 12:01:16 GMT 2025","passed","Thu Sep 18 12:01:25 GMT 2025","xyz.npgw.test.run.FraudControlTest","test name","xyz.npgw.test.run.FraudControlTest","testAddActiveFraudControlWithFraudScreenType"
"User navigate to 'Transactions page' after clicking on 'Transactions' link on the header","1503","testNavigateToTransactionsPageAsAdmin","suite name","Thu Sep 18 12:16:36 GMT 2025","passed","Thu Sep 18 12:16:37 GMT 2025","xyz.npgw.test.run.AdminTransactionsPageTest","test name","xyz.npgw.test.run.AdminTransactionsPageTest","testNavigateToTransactionsPageAsAdmin"
"Verify error appears when creating an Acquirer with a duplicate name.","7998","testVerifyErrorOnCreatingAcquirerWithDuplicateName","suite name","Thu Sep 18 12:05:54 GMT 2025","passed","Thu Sep 18 12:06:02 GMT 2025","xyz.npgw.test.run.AcquirersPageTest","test name","xyz.npgw.test.run.AcquirersPageTest","testVerifyErrorOnCreatingAcquirerWithDuplicateName"
"Deactivate and activate company admin under company admin","17335","testDeactivateAndActivateCompanyUserAsAdmin","suite name","Thu Sep 18 12:11:47 GMT 2025","passed","Thu Sep 18 12:12:05 GMT 2025","xyz.npgw.test.run.AdminTeamPageTest","test name","xyz.npgw.test.run.AdminTeamPageTest","testDeactivateAndActivateCompanyUserAsAdmin"
"Verify that if company is selected all it's business units are presented in the list","17874","testCompaniesBusinessUnitsPresence","suite name","Thu Sep 18 12:08:20 GMT 2025","passed","Thu Sep 18 12:08:38 GMT 2025","xyz.npgw.test.run.GatewayPageTest","test name","xyz.npgw.test.run.GatewayPageTest","testCompaniesBusinessUnitsPresence"
"Reset company analyst password as company admin","14525","testResetPasswordForCompanyAnalystAsAdmin","suite name","Thu Sep 18 12:15:39 GMT 2025","passed","Thu Sep 18 12:15:53 GMT 2025","xyz.npgw.test.run.TeamPageLogoutTest","test name","xyz.npgw.test.run.TeamPageLogoutTest","testResetPasswordForCompanyAnalystAsAdmin"
"First 'Move business unit control up' and last 'Move business unit control down' are disabled","22168","testChangeBusinessControlPriorityRestrictions","suite name","Thu Sep 18 12:03:37 GMT 2025","passed","Thu Sep 18 12:03:59 GMT 2025","xyz.npgw.test.run.FraudControlTest","test name","xyz.npgw.test.run.FraudControlTest","testChangeBusinessControlPriorityRestrictions"
"All key chart elements are correctly displayed","7846","testVisibleChartElementsAreDisplayedCorrectlyAsTestUser","suite name","Thu Sep 18 12:18:28 GMT 2025","passed","Thu Sep 18 12:18:36 GMT 2025","xyz.npgw.test.run.TestUserDashboardPageTest","test name","xyz.npgw.test.run.TestUserDashboardPageTest","testVisibleChartElementsAreDisplayedCorrectlyAsTestUser"
"Filtering transactions by date range","11772","testFilteringTransactionsByDateRange","suite name","Thu Sep 18 12:03:42 GMT 2025","passed","Thu Sep 18 12:03:53 GMT 2025","xyz.npgw.test.run.TransactionsTableTest","test name","xyz.npgw.test.run.TransactionsTableTest","testFilteringTransactionsByDateRange"
"Add already added Fraud Control to Business Unit: BU Control ActiveAdd already added Fraud Control to Business Unit: BU Control Inactive","26528","testAddAlreadyAddedFraudControlToBusinessUnit","suite name","Thu Sep 18 12:01:26 GMT 2025","passed","Thu Sep 18 12:01:53 GMT 2025","xyz.npgw.test.run.FraudControlTest","test name","xyz.npgw.test.run.FraudControlTest","testAddAlreadyAddedFraudControlToBusinessUnit"
"Verify that user can see selector Status Options","2168","testTheVisibilityOfTheStatusSelectorOptions","suite name","Thu Sep 18 12:15:39 GMT 2025","passed","Thu Sep 18 12:15:41 GMT 2025","xyz.npgw.test.run.TransactionsPageTest","test name","xyz.npgw.test.run.TransactionsPageTest","testTheVisibilityOfTheStatusSelectorOptions"
"Check possibility to select an appropriate acquirer to merchant","12276","testSelectAcquirer","suite name","Thu Sep 18 12:09:58 GMT 2025","passed","Thu Sep 18 12:10:10 GMT 2025","xyz.npgw.test.run.GatewayPageTest","test name","xyz.npgw.test.run.GatewayPageTest","testSelectAcquirer"
"Status filter correctly displays users with 'Active' or 'Inactive' status","14136","testStatusFilterDisplaysCorrectUsers","suite name","Thu Sep 18 12:13:32 GMT 2025","passed","Thu Sep 18 12:13:46 GMT 2025","xyz.npgw.test.run.TeamPageTest","test name","xyz.npgw.test.run.TeamPageTest","testStatusFilterDisplaysCorrectUsers"
"New acquirer MID can be successfully set up and displayed correctly in the acquirers table.","13289","testSetupAcquirerMid","suite name","Thu Sep 18 12:03:40 GMT 2025","passed","Thu Sep 18 12:03:53 GMT 2025","xyz.npgw.test.run.AcquirersPageTest","test name","xyz.npgw.test.run.AcquirersPageTest","testSetupAcquirerMid"
"Verify that an acquirer can be deleted","13576","testDeleteAcquirerMid","suite name","Thu Sep 18 12:06:25 GMT 2025","passed","Thu Sep 18 12:06:38 GMT 2025","xyz.npgw.test.run.AcquirersPageTest","test name","xyz.npgw.test.run.AcquirersPageTest","testDeleteAcquirerMid"
"Verify that selecting a 'Rows per page' option displays the correct number of rows in the table.","12655","testRowsPerPageSelectionDisplaysCorrectNumberOfRows","suite name","Thu Sep 18 12:03:13 GMT 2025","passed","Thu Sep 18 12:03:26 GMT 2025","xyz.npgw.test.run.AcquirersPageTest","test name","xyz.npgw.test.run.AcquirersPageTest","testRowsPerPageSelectionDisplaysCorrectNumberOfRows"
"Check that Logo in header contains text 'NPGW' and image","548","testLogoContainsTextAndImage","suite name","Thu Sep 18 12:16:11 GMT 2025","passed","Thu Sep 18 12:16:11 GMT 2025","xyz.npgw.test.run.HeaderTest","test name","xyz.npgw.test.run.HeaderTest","testLogoContainsTextAndImage"
"'Amount' column sorts ascending on first click and descending on second click.","17704","testSortByAmount","suite name","Thu Sep 18 12:05:27 GMT 2025","passed","Thu Sep 18 12:05:45 GMT 2025","xyz.npgw.test.run.TransactionsTableTest","test name","xyz.npgw.test.run.TransactionsTableTest","testSortByAmount"
"Filtering transactions by Card type displays only matching entries in the table.","19737","testFilterByCardType","suite name","Thu Sep 18 12:01:57 GMT 2025","passed","Thu Sep 18 12:02:17 GMT 2025","xyz.npgw.test.run.TransactionsTableTest","test name","xyz.npgw.test.run.TransactionsTableTest","testFilterByCardType"
"Delete Active Fraud Control added to Business Unit","25390","testDeleteActiveFraudControlAddedToBusinessUnit","suite name","Thu Sep 18 12:05:48 GMT 2025","passed","Thu Sep 18 12:06:13 GMT 2025","xyz.npgw.test.run.FraudControlTest","test name","xyz.npgw.test.run.FraudControlTest","testDeleteActiveFraudControlAddedToBusinessUnit"
"Verify that merchant acquirer can be activated and deactivated by Super","19936","testActivateDeactivateMerchantAcquirer","suite name","Thu Sep 18 12:06:59 GMT 2025","passed","Thu Sep 18 12:07:19 GMT 2025","xyz.npgw.test.run.GatewayPageTest","test name","xyz.npgw.test.run.GatewayPageTest","testActivateDeactivateMerchantAcquirer"
"Check password policy validation error messages when changing password in user menu","16950","testChangePasswordValidationMessages","suite name","Thu Sep 18 12:15:45 GMT 2025","passed","Thu Sep 18 12:16:02 GMT 2025","xyz.npgw.test.run.HeaderTest","test name","xyz.npgw.test.run.HeaderTest","testChangePasswordValidationMessages"
"Verify the error message when attempting to create a Fraud Control with the existing name","6625","testErrorMessageForExistingControlName","suite name","Thu Sep 18 12:06:47 GMT 2025","passed","Thu Sep 18 12:06:54 GMT 2025","xyz.npgw.test.run.FraudControlTest","test name","xyz.npgw.test.run.FraudControlTest","testErrorMessageForExistingControlName"
"Company can be added by filling out only required field","5873","testAddCompanyByFillOnlyRequiredField","suite name","Thu Sep 18 12:11:06 GMT 2025","passed","Thu Sep 18 12:11:12 GMT 2025","xyz.npgw.test.run.CompaniesAndBusinessUnitsTest","test name","xyz.npgw.test.run.CompaniesAndBusinessUnitsTest","testAddCompanyByFillOnlyRequiredField"
"Verify, that 'Reset filter' button change 'Amount' to default","2784","testResetAmount","suite name","Thu Sep 18 12:14:41 GMT 2025","passed","Thu Sep 18 12:14:44 GMT 2025","xyz.npgw.test.run.TransactionsPageTest","test name","xyz.npgw.test.run.TransactionsPageTest","testResetAmount"
"Correct transaction summary is displayed on Dashboard page","6781","testTransactionSummaryAsTestUser","suite name","Thu Sep 18 12:18:10 GMT 2025","passed","Thu Sep 18 12:18:16 GMT 2025","xyz.npgw.test.run.TestUserDashboardPageTest","test name","xyz.npgw.test.run.TestUserDashboardPageTest","testTransactionSummaryAsTestUser"
"Verify that user can see 'Card type' options","1543","testTheVisibilityOfTheCardTypeOptionsAsAdmin","suite name","Thu Sep 18 12:17:36 GMT 2025","passed","Thu Sep 18 12:17:38 GMT 2025","xyz.npgw.test.run.AdminTransactionsPageTest","test name","xyz.npgw.test.run.AdminTransactionsPageTest","testTheVisibilityOfTheCardTypeOptionsAsAdmin"
"Deactivate and activate company admin as super admin","18098","testDeactivateAndActivateCompanyAdmin","suite name","Thu Sep 18 12:11:44 GMT 2025","passed","Thu Sep 18 12:12:02 GMT 2025","xyz.npgw.test.run.TeamPageTest","test name","xyz.npgw.test.run.TeamPageTest","testDeactivateAndActivateCompanyAdmin"
"Verify text content for Header and Main body on 'Change control activity' dialog","6187","testVerifyWarningModalWindowChangeActivityForControlTable","suite name","Thu Sep 18 12:10:07 GMT 2025","passed","Thu Sep 18 12:10:14 GMT 2025","xyz.npgw.test.run.FraudControlTest","test name","xyz.npgw.test.run.FraudControlTest","testVerifyWarningModalWindowChangeActivityForControlTable"
"Verify that company cannot be deleted if there are associated business units","4778","testCannotDeleteCompanyWithAssociatedBusinessUnit","suite name","Thu Sep 18 12:12:49 GMT 2025","passed","Thu Sep 18 12:12:54 GMT 2025","xyz.npgw.test.run.CompaniesAndBusinessUnitsTest","test name","xyz.npgw.test.run.CompaniesAndBusinessUnitsTest","testCannotDeleteCompanyWithAssociatedBusinessUnit"
"'Creation Date' column sorts descending by default and ascending on click.","17423","testSortByCreationDate","suite name","Thu Sep 18 12:05:46 GMT 2025","passed","Thu Sep 18 12:06:04 GMT 2025","xyz.npgw.test.run.TransactionsTableTest","test name","xyz.npgw.test.run.TransactionsTableTest","testSortByCreationDate"
"Edit company info and save","11420","testEditCompanyInfoAndSave","suite name","Thu Sep 18 12:13:04 GMT 2025","passed","Thu Sep 18 12:13:15 GMT 2025","xyz.npgw.test.run.CompaniesAndBusinessUnitsTest","test name","xyz.npgw.test.run.CompaniesAndBusinessUnitsTest","testEditCompanyInfoAndSave"
"The company info block can be hidden and shown via settings.","5814","testToggleCompanyInfoVisibilityViaSettings","suite name","Thu Sep 18 12:12:06 GMT 2025","passed","Thu Sep 18 12:12:12 GMT 2025","xyz.npgw.test.run.CompaniesAndBusinessUnitsTest","test name","xyz.npgw.test.run.CompaniesAndBusinessUnitsTest","testToggleCompanyInfoVisibilityViaSettings"
"Refund button is visible only for transactions with status 'SUCCESS'","19404","testRefundButtonVisibility","suite name","Thu Sep 18 12:04:20 GMT 2025","passed","Thu Sep 18 12:04:39 GMT 2025","xyz.npgw.test.run.TransactionsTableTest","test name","xyz.npgw.test.run.TransactionsTableTest","testRefundButtonVisibility"
"Verify, that 'Reset filter' button change 'Card Type' to default value (ALL)","5286","testResetCardTypeAsAdmin","suite name","Thu Sep 18 12:16:52 GMT 2025","passed","Thu Sep 18 12:16:57 GMT 2025","xyz.npgw.test.run.AdminTransactionsPageTest","test name","xyz.npgw.test.run.AdminTransactionsPageTest","testResetCardTypeAsAdmin"
"Add a new user and verify that all fields, statuses, and icons are correctly displayed.","9352","testAddCompanyAnalyst","suite name","Thu Sep 18 12:10:53 GMT 2025","passed","Thu Sep 18 12:11:02 GMT 2025","xyz.npgw.test.run.TeamPageTest","test name","xyz.npgw.test.run.TeamPageTest","testAddCompanyAnalyst"
"Verify, that 'Reset filter' button change 'Card Type' to default value (ALL)","3897","testResetCardType","suite name","Thu Sep 18 12:14:54 GMT 2025","passed","Thu Sep 18 12:14:58 GMT 2025","xyz.npgw.test.run.TransactionsPageTest","test name","xyz.npgw.test.run.TransactionsPageTest","testResetCardType"
"Verify, that 'Reset filter' button change 'Currency' to default value (ALL)","6849","testResetCurrency","suite name","Thu Sep 18 12:15:01 GMT 2025","passed","Thu Sep 18 12:15:08 GMT 2025","xyz.npgw.test.run.TransactionsPageTest","test name","xyz.npgw.test.run.TransactionsPageTest","testResetCurrency"
"Verify, that 'Reset filter' button change 'Amount' to default","3950","testResetAmountAsAdmin","suite name","Thu Sep 18 12:16:38 GMT 2025","passed","Thu Sep 18 12:16:42 GMT 2025","xyz.npgw.test.run.AdminTransactionsPageTest","test name","xyz.npgw.test.run.AdminTransactionsPageTest","testResetAmountAsAdmin"
"Verify, that 'Reset filter' button change 'Status' to default value ( ALL)","15766","testResetStatus","suite name","Thu Sep 18 12:15:13 GMT 2025","passed","Thu Sep 18 12:15:29 GMT 2025","xyz.npgw.test.run.TransactionsPageTest","test name","xyz.npgw.test.run.TransactionsPageTest","testResetStatus"
"Verifies that all form field placeholders are set correctly","7043","testVerifyPlaceholdersEditForm","suite name","Thu Sep 18 12:06:16 GMT 2025","passed","Thu Sep 18 12:06:23 GMT 2025","xyz.npgw.test.run.AcquirersPageTest","test name","xyz.npgw.test.run.AcquirersPageTest","testVerifyPlaceholdersEditForm"
"Verify company admin can be deleted by another company admin","7012","testDeleteCompanyAdminAsAdmin","suite name","Thu Sep 18 12:13:31 GMT 2025","passed","Thu Sep 18 12:13:38 GMT 2025","xyz.npgw.test.run.AdminTeamPageTest","test name","xyz.npgw.test.run.AdminTeamPageTest","testDeleteCompanyAdminAsAdmin"
"Unauthenticated users are automatically redirected to the 'Login page'","680","testUnauthenticatedUserRedirectionToLoginPageUnauthenticated","suite name","Thu Sep 18 12:19:03 GMT 2025","passed","Thu Sep 18 12:19:04 GMT 2025","xyz.npgw.test.run.UnauthenticatedLoginPageTest","test name","xyz.npgw.test.run.UnauthenticatedLoginPageTest","testUnauthenticatedUserRedirectionToLoginPageUnauthenticated"
"Verify that a new business unit wasn't added once click 'Close' button","4993","testCloseButtonAndDiscardChanges","suite name","Thu Sep 18 12:12:28 GMT 2025","passed","Thu Sep 18 12:12:33 GMT 2025","xyz.npgw.test.run.CompaniesAndBusinessUnitsTest","test name","xyz.npgw.test.run.CompaniesAndBusinessUnitsTest","testCloseButtonAndDiscardChanges"
"Verify that all elements of dialog are displayed properly","8083","testElementsOfEditBusinessUnitDialog","suite name","Thu Sep 18 12:11:37 GMT 2025","passed","Thu Sep 18 12:11:45 GMT 2025","xyz.npgw.test.run.CompaniesAndBusinessUnitsTest","test name","xyz.npgw.test.run.CompaniesAndBusinessUnitsTest","testElementsOfEditBusinessUnitDialog"
"Error is displayed when trying to create a company with special characters in the name.","3286","testErrorIsDisplayedWhenCreatingCompanyWithSpecialCharacters","suite name","Thu Sep 18 12:11:57 GMT 2025","passed","Thu Sep 18 12:12:00 GMT 2025","xyz.npgw.test.run.CompaniesAndBusinessUnitsTest","test name","xyz.npgw.test.run.CompaniesAndBusinessUnitsTest","testErrorIsDisplayedWhenCreatingCompanyWithSpecialCharacters"
"Closes the transaction details dialog using both the button and the icon.","10076","testCloseTransactionDetailsDialog","suite name","Thu Sep 18 12:16:30 GMT 2025","passed","Thu Sep 18 12:16:40 GMT 2025","xyz.npgw.test.run.TransactionDetailsTest","test name","xyz.npgw.test.run.TransactionDetailsTest","testCloseTransactionDetailsDialog"
"Verify that users can be sorted in reverse alphabetical order","3196","testCheckSortingListOfUsersReverseAsAdmin","suite name","Thu Sep 18 12:11:35 GMT 2025","passed","Thu Sep 18 12:11:38 GMT 2025","xyz.npgw.test.run.AdminTeamPageTest","test name","xyz.npgw.test.run.AdminTeamPageTest","testCheckSortingListOfUsersReverseAsAdmin"
"Close window with no changes with filled fields with Close buttonClose window with no changes with filled fields with 'Cross'Close window with no changes with filled fields with ESC","10475","testCancelAddingNewFraudControl","suite name","Thu Sep 18 12:03:24 GMT 2025","passed","Thu Sep 18 12:03:35 GMT 2025","xyz.npgw.test.run.FraudControlTest","test name","xyz.npgw.test.run.FraudControlTest","testCancelAddingNewFraudControl"
"Validate correct layout and behavior of the 'Setup acquirer MID' dialog.","7286","verifyDefaultValuesInAcquirerMidDialogAndClose","suite name","Thu Sep 18 12:05:09 GMT 2025","passed","Thu Sep 18 12:05:16 GMT 2025","xyz.npgw.test.run.AcquirersPageTest","test name","xyz.npgw.test.run.AcquirersPageTest","verifyDefaultValuesInAcquirerMidDialogAndClose"
"Unauthenticated users are automatically redirected to the 'Login page'","881","testUnauthenticatedUserRedirectionToLoginPageUnauthenticated","suite name","Thu Sep 18 12:19:06 GMT 2025","passed","Thu Sep 18 12:19:07 GMT 2025","xyz.npgw.test.run.UnauthenticatedLoginPageTest","test name","xyz.npgw.test.run.UnauthenticatedLoginPageTest","testUnauthenticatedUserRedirectionToLoginPageUnauthenticated"
"Verify that error message is displayed when special symbols are entered in the Control name field after clicking create button","32178","testSpecialSymbolsInControlNameNotAllowed","suite name","Thu Sep 18 12:07:48 GMT 2025","passed","Thu Sep 18 12:08:20 GMT 2025","xyz.npgw.test.run.FraudControlTest","test name","xyz.npgw.test.run.FraudControlTest","testSpecialSymbolsInControlNameNotAllowed"
"User email is NOT remembered after first successful login with unchecked 'Remember me'","5099","testRememberMeUncheckedDontSaveUserEmailUnauthenticated","suite name","Thu Sep 18 12:18:57 GMT 2025","passed","Thu Sep 18 12:19:02 GMT 2025","xyz.npgw.test.run.UnauthenticatedLoginPageTest","test name","xyz.npgw.test.run.UnauthenticatedLoginPageTest","testRememberMeUncheckedDontSaveUserEmailUnauthenticated"
"Change company analyst role to company admin and change it's status as company admin","13865","testEditUserAsAdmin","suite name","Thu Sep 18 12:12:33 GMT 2025","passed","Thu Sep 18 12:12:47 GMT 2025","xyz.npgw.test.run.AdminTeamPageTest","test name","xyz.npgw.test.run.AdminTeamPageTest","testEditUserAsAdmin"
"Displaying 'Rows per page' options when clicking on the RowsPerPage selector","9414","testCountOptionsSelectorRows","suite name","Thu Sep 18 12:01:46 GMT 2025","passed","Thu Sep 18 12:01:56 GMT 2025","xyz.npgw.test.run.TransactionsTableTest","test name","xyz.npgw.test.run.TransactionsTableTest","testCountOptionsSelectorRows"
"Verify, that 'Reset filter' button change 'Status' to default value (ALL)","17599","testResetStatusAsAdmin","suite name","Thu Sep 18 12:17:13 GMT 2025","passed","Thu Sep 18 12:17:31 GMT 2025","xyz.npgw.test.run.AdminTransactionsPageTest","test name","xyz.npgw.test.run.AdminTransactionsPageTest","testResetStatusAsAdmin"
"Choose amount popup functionality","6463","testChooseAmountPopUpAsUser","suite name","Thu Sep 18 12:16:42 GMT 2025","passed","Thu Sep 18 12:16:49 GMT 2025","xyz.npgw.test.run.UserTransactionsPageTest","test name","xyz.npgw.test.run.UserTransactionsPageTest","testChooseAmountPopUpAsUser"
"Edit Fraud Control","7873","testEditFraudControl","suite name","Thu Sep 18 12:09:34 GMT 2025","passed","Thu Sep 18 12:09:41 GMT 2025","xyz.npgw.test.run.FraudControlTest","test name","xyz.npgw.test.run.FraudControlTest","testEditFraudControl"
"Verify that re-selecting an already selected currency keeps the selection unchanged.","11665","testRetainCurrencyWhenReSelectingSameOption","suite name","Thu Sep 18 12:09:46 GMT 2025","passed","Thu Sep 18 12:09:57 GMT 2025","xyz.npgw.test.run.GatewayPageTest","test name","xyz.npgw.test.run.GatewayPageTest","testRetainCurrencyWhenReSelectingSameOption"
"Verify the 'Control name' field is mandatory and marked with '*'","4009","testControlNameIsMandatory","suite name","Thu Sep 18 12:05:36 GMT 2025","passed","Thu Sep 18 12:05:40 GMT 2025","xyz.npgw.test.run.FraudControlTest","test name","xyz.npgw.test.run.FraudControlTest","testControlNameIsMandatory"
"'Reset' button clears selected filter values and resets them to default.","8983","testResetFilter","suite name","Thu Sep 18 12:02:40 GMT 2025","passed","Thu Sep 18 12:02:49 GMT 2025","xyz.npgw.test.run.AcquirersPageTest","test name","xyz.npgw.test.run.AcquirersPageTest","testResetFilter"
"Verify, that 'Reset filter' button change 'Status' (two options are checked) to default value ( ALL)","0","testResetMultiStatusAsUser","suite name","Thu Sep 18 12:00:44 GMT 2025","unknown","Thu Sep 18 12:00:44 GMT 2025","xyz.npgw.test.run.UserTransactionsPageTest","test name","xyz.npgw.test.run.UserTransactionsPageTest","testResetMultiStatusAsUser"
"Verify that the color theme matching with the default browser theme","529","testDefaultThemeMatching","suite name","Thu Sep 18 12:16:06 GMT 2025","passed","Thu Sep 18 12:16:07 GMT 2025","xyz.npgw.test.run.HeaderTest","test name","xyz.npgw.test.run.HeaderTest","testDefaultThemeMatching"
"Verify text content for Header and Main body on 'Delete business unit control' dialog","5407","testVerifyWarningModalWindowDeleteBusinessUnitControlTable","suite name","Thu Sep 18 12:10:15 GMT 2025","passed","Thu Sep 18 12:10:20 GMT 2025","xyz.npgw.test.run.FraudControlTest","test name","xyz.npgw.test.run.FraudControlTest","testVerifyWarningModalWindowDeleteBusinessUnitControlTable"
"Check that the 'Pending' occurs at most once in the Payment lifecycle section","35767","testPendingOccursAtMostOnceInLifecycle","suite name","Thu Sep 18 12:16:53 GMT 2025","passed","Thu Sep 18 12:17:29 GMT 2025","xyz.npgw.test.run.TransactionDetailsTest","test name","xyz.npgw.test.run.TransactionDetailsTest","testPendingOccursAtMostOnceInLifecycle"
"Super admin can see all the company's business units in the Business unit dropdown list","3270","testTheVisibilityOfTheAvailableBusinessUnitOptions","suite name","Thu Sep 18 12:15:33 GMT 2025","passed","Thu Sep 18 12:15:36 GMT 2025","xyz.npgw.test.run.TransactionsPageTest","test name","xyz.npgw.test.run.TransactionsPageTest","testTheVisibilityOfTheAvailableBusinessUnitOptions"
"Verify Acquirer status 'Active/Inactive' is displayed in column 'Status'","11125","testVerifyAcquirerStatus","suite name","Thu Sep 18 12:04:32 GMT 2025","passed","Thu Sep 18 12:04:43 GMT 2025","xyz.npgw.test.run.AcquirersPageTest","test name","xyz.npgw.test.run.AcquirersPageTest","testVerifyAcquirerStatus"
"User navigate to 'Dashboard page' after login","835","testNavigateToDashboardAfterLogin","suite name","Thu Sep 18 12:18:04 GMT 2025","passed","Thu Sep 18 12:18:05 GMT 2025","xyz.npgw.test.run.DashboardPageTest","test name","xyz.npgw.test.run.DashboardPageTest","testNavigateToDashboardAfterLogin"
"Verify, that date picker contains default value before and after reset filter","2253","testResetDataAsTestUser","suite name","Thu Sep 18 12:17:36 GMT 2025","passed","Thu Sep 18 12:17:39 GMT 2025","xyz.npgw.test.run.UserTransactionsPageTest","test name","xyz.npgw.test.run.UserTransactionsPageTest","testResetDataAsTestUser"
"Error message when trying to create a company with invalid length and special characters.","3499","testErrorForInvalidCompanyNameLengthAndCharacters","suite name","Thu Sep 18 12:11:52 GMT 2025","passed","Thu Sep 18 12:11:55 GMT 2025","xyz.npgw.test.run.CompaniesAndBusinessUnitsTest","test name","xyz.npgw.test.run.CompaniesAndBusinessUnitsTest","testErrorForInvalidCompanyNameLengthAndCharacters"
"Verify that company can be deleted","10489","testDeleteCompany","suite name","Thu Sep 18 12:13:16 GMT 2025","passed","Thu Sep 18 12:13:26 GMT 2025","xyz.npgw.test.run.CompaniesAndBusinessUnitsTest","test name","xyz.npgw.test.run.CompaniesAndBusinessUnitsTest","testDeleteCompany"
"Verify that 'Connected business unit controls' table can be sorted","55844","testBusinessUnitControlTableEntriesSorting","suite name","Thu Sep 18 12:02:27 GMT 2025","passed","Thu Sep 18 12:03:23 GMT 2025","xyz.npgw.test.run.FraudControlTest","test name","xyz.npgw.test.run.FraudControlTest","testBusinessUnitControlTableEntriesSorting"
"The 'Status' dropdown toggles and contains options All, Active, Inactive.","3773","testVerifyStatusDropdownContainsAllOptions","suite name","Thu Sep 18 12:04:58 GMT 2025","passed","Thu Sep 18 12:05:02 GMT 2025","xyz.npgw.test.run.AcquirersPageTest","test name","xyz.npgw.test.run.AcquirersPageTest","testVerifyStatusDropdownContainsAllOptions"
"Verify text content for Header and Main body on 'Change business unit control activity' dialog","9196","testVerifyWarningModalWindowChangeActivityForBusinessUnitControlTable","suite name","Thu Sep 18 12:09:57 GMT 2025","passed","Thu Sep 18 12:10:07 GMT 2025","xyz.npgw.test.run.FraudControlTest","test name","xyz.npgw.test.run.FraudControlTest","testVerifyWarningModalWindowChangeActivityForBusinessUnitControlTable"
"Verify that gateway Acquirer MID can be deactivated and then activated via bulk actions","34010","testChangeActivityViaBulkActions","suite name","Thu Sep 18 12:05:18 GMT 2025","passed","Thu Sep 18 12:05:52 GMT 2025","xyz.npgw.test.run.AcquirersPageTest","test name","xyz.npgw.test.run.AcquirersPageTest","testChangeActivityViaBulkActions"
"Verify that click on Cancel button cancels the Merchant Acquirer status change","13857","testCloseButtonInChangeMerchantAcquirerActivityDialog","suite name","Thu Sep 18 12:08:06 GMT 2025","passed","Thu Sep 18 12:08:20 GMT 2025","xyz.npgw.test.run.GatewayPageTest","test name","xyz.npgw.test.run.GatewayPageTest","testCloseButtonInChangeMerchantAcquirerActivityDialog"
"Error message 'From should be lesser than To' appears","2613","testErrorMessageByAmount","suite name","Thu Sep 18 12:13:57 GMT 2025","passed","Thu Sep 18 12:13:59 GMT 2025","xyz.npgw.test.run.TransactionsPageTest","test name","xyz.npgw.test.run.TransactionsPageTest","testErrorMessageByAmount"
"Add new company admin under super admin","5393","testAddCompanyAdmin","suite name","Thu Sep 18 12:10:46 GMT 2025","passed","Thu Sep 18 12:10:51 GMT 2025","xyz.npgw.test.run.TeamPageTest","test name","xyz.npgw.test.run.TeamPageTest","testAddCompanyAdmin"
"Add a new company analyst as company admin and verify all fields, statuses, and icons","8954","testAddCompanyAnalystAsAdmin","suite name","Thu Sep 18 12:11:08 GMT 2025","passed","Thu Sep 18 12:11:17 GMT 2025","xyz.npgw.test.run.AdminTeamPageTest","test name","xyz.npgw.test.run.AdminTeamPageTest","testAddCompanyAnalystAsAdmin"
"User navigate to 'Transactions page' after clicking on 'Transactions' link on the header","1714","testNavigateToTransactionsPageAsUser","suite name","Thu Sep 18 12:17:08 GMT 2025","passed","Thu Sep 18 12:17:09 GMT 2025","xyz.npgw.test.run.UserTransactionsPageTest","test name","xyz.npgw.test.run.UserTransactionsPageTest","testNavigateToTransactionsPageAsUser"
"Status filter correctly displays users with 'Active' or 'Inactive' status","16337","testStatusFilterDisplaysCorrectUsersAsAdmin","suite name","Thu Sep 18 12:12:56 GMT 2025","passed","Thu Sep 18 12:13:12 GMT 2025","xyz.npgw.test.run.AdminTeamPageTest","test name","xyz.npgw.test.run.AdminTeamPageTest","testStatusFilterDisplaysCorrectUsersAsAdmin"
"Choose amount popup functionality","5791","testChooseAmountPopUp","suite name","Thu Sep 18 12:13:45 GMT 2025","passed","Thu Sep 18 12:13:50 GMT 2025","xyz.npgw.test.run.TransactionsPageTest","test name","xyz.npgw.test.run.TransactionsPageTest","testChooseAmountPopUp"
"Verify that the error message is displayed if 'Entity name' contains not allowed special symbol","7588","testErrorMessageForNotAllowedSymbolsInEntityName","suite name","Thu Sep 18 12:02:04 GMT 2025","passed","Thu Sep 18 12:02:12 GMT 2025","xyz.npgw.test.run.AcquirersPageTest","test name","xyz.npgw.test.run.AcquirersPageTest","testErrorMessageForNotAllowedSymbolsInEntityName"
"Verify that the Company admin can see all the company's business units in the Business unit dropdown list","1890","testTheVisibilityOfTheAvailableBusinessUnitOptionsAsUser","suite name","Thu Sep 18 12:17:59 GMT 2025","passed","Thu Sep 18 12:18:01 GMT 2025","xyz.npgw.test.run.UserTransactionsPageTest","test name","xyz.npgw.test.run.UserTransactionsPageTest","testTheVisibilityOfTheAvailableBusinessUnitOptionsAsUser"
"'Reset filter' clears selected options to default","6336","testResetFilterAsTestUser","suite name","Thu Sep 18 12:18:02 GMT 2025","passed","Thu Sep 18 12:18:09 GMT 2025","xyz.npgw.test.run.TestUserDashboardPageTest","test name","xyz.npgw.test.run.TestUserDashboardPageTest","testResetFilterAsTestUser"
"Verify, that 'Reset filter' button change 'Currency' to default value (ALL)","5227","testResetCurrencyAsUser","suite name","Thu Sep 18 12:17:31 GMT 2025","passed","Thu Sep 18 12:17:36 GMT 2025","xyz.npgw.test.run.UserTransactionsPageTest","test name","xyz.npgw.test.run.UserTransactionsPageTest","testResetCurrencyAsUser"
"Search by NPGW reference within Add adjustment dialog and check placeholders","2","testPlaceholdersAndSearchNpgwInAddAdjustment","suite name","Thu Sep 18 12:00:44 GMT 2025","unknown","Thu Sep 18 12:00:44 GMT 2025","xyz.npgw.test.run.TransactionManagementPageTest","test name","xyz.npgw.test.run.TransactionManagementPageTest","testPlaceholdersAndSearchNpgwInAddAdjustment"
"Verify that the 'Entity name' field except (&), (-), (,), (.), ('), ( ) symbols","7924","testAllowedSpecialSymbolsInEntityName","suite name","Thu Sep 18 12:01:18 GMT 2025","passed","Thu Sep 18 12:01:26 GMT 2025","xyz.npgw.test.run.AcquirersPageTest","test name","xyz.npgw.test.run.AcquirersPageTest","testAllowedSpecialSymbolsInEntityName"
"Verify that user can see selector Status Options","1327","testTheVisibilityOfTheStatusSelectorOptionsAsAdmin","suite name","Thu Sep 18 12:17:38 GMT 2025","passed","Thu Sep 18 12:17:40 GMT 2025","xyz.npgw.test.run.AdminTransactionsPageTest","test name","xyz.npgw.test.run.AdminTransactionsPageTest","testTheVisibilityOfTheStatusSelectorOptionsAsAdmin"
"Edit company analyst as company admin","13148","testEditCompanyUserAsAdmin","suite name","Thu Sep 18 12:12:19 GMT 2025","passed","Thu Sep 18 12:12:33 GMT 2025","xyz.npgw.test.run.AdminTeamPageTest","test name","xyz.npgw.test.run.AdminTeamPageTest","testEditCompanyUserAsAdmin"
"Move Business unit control upMove Business unit control down","29574","testChangeFraudControlPriority","suite name","Thu Sep 18 12:05:05 GMT 2025","passed","Thu Sep 18 12:05:35 GMT 2025","xyz.npgw.test.run.FraudControlTest","test name","xyz.npgw.test.run.FraudControlTest","testChangeFraudControlPriority"
"Verify that user can see 'Card type' options","1691","testTheVisibilityOfTheCardTypeOptions","suite name","Thu Sep 18 12:15:36 GMT 2025","passed","Thu Sep 18 12:15:38 GMT 2025","xyz.npgw.test.run.TransactionsPageTest","test name","xyz.npgw.test.run.TransactionsPageTest","testTheVisibilityOfTheCardTypeOptions"
"Correct transaction summary mock data is displayed on Dashboard page","7676","testTransactionSummaryMockAsTestAdmin","suite name","Thu Sep 18 12:18:47 GMT 2025","passed","Thu Sep 18 12:18:54 GMT 2025","xyz.npgw.test.run.TestAdminDashboardPageTest","test name","xyz.npgw.test.run.TestAdminDashboardPageTest","testTransactionSummaryMockAsTestAdmin"
"Correct merchant ID is sent to the server","3510","testCheckMerchantId","suite name","Thu Sep 18 12:17:44 GMT 2025","passed","Thu Sep 18 12:17:48 GMT 2025","xyz.npgw.test.run.DashboardPageTest","test name","xyz.npgw.test.run.DashboardPageTest","testCheckMerchantId"
"Compare number of transactions with selected statuses in the table before and after filter","39702","testFilterByStatus","suite name","Thu Sep 18 12:02:19 GMT 2025","passed","Thu Sep 18 12:02:59 GMT 2025","xyz.npgw.test.run.TransactionsTableTest","test name","xyz.npgw.test.run.TransactionsTableTest","testFilterByStatus"
"Reset Amount Values","6003","testResetAmountValuesAsAdmin","suite name","Thu Sep 18 12:16:44 GMT 2025","passed","Thu Sep 18 12:16:50 GMT 2025","xyz.npgw.test.run.AdminTransactionsPageTest","test name","xyz.npgw.test.run.AdminTransactionsPageTest","testResetAmountValuesAsAdmin"
"Reset company analyst password as super admin","14310","testResetPasswordForCompanyAnalyst","suite name","Thu Sep 18 12:15:20 GMT 2025","passed","Thu Sep 18 12:15:34 GMT 2025","xyz.npgw.test.run.TeamPageLogoutTest","test name","xyz.npgw.test.run.TeamPageLogoutTest","testResetPasswordForCompanyAnalyst"
"Verify the default 'Rows per page' value is 25 and the dropdown contains the correct options.","5330","testRowsPerPageDropdownOptions","suite name","Thu Sep 18 12:03:05 GMT 2025","passed","Thu Sep 18 12:03:10 GMT 2025","xyz.npgw.test.run.AcquirersPageTest","test name","xyz.npgw.test.run.AcquirersPageTest","testRowsPerPageDropdownOptions"
"Error message is shown for company name is shorter than 4 or longer than 100 characters.","3603","testVerifyErrorMessageForInvalidCompanyNameLength","suite name","Thu Sep 18 12:12:23 GMT 2025","passed","Thu Sep 18 12:12:26 GMT 2025","xyz.npgw.test.run.CompaniesAndBusinessUnitsTest","test name","xyz.npgw.test.run.CompaniesAndBusinessUnitsTest","testVerifyErrorMessageForInvalidCompanyNameLength"
"Activate Business unit controlDeactivate Business unit control","31794","testChangeBusinessUnitFraudControlActivity","suite name","Thu Sep 18 12:04:00 GMT 2025","passed","Thu Sep 18 12:04:32 GMT 2025","xyz.npgw.test.run.FraudControlTest","test name","xyz.npgw.test.run.FraudControlTest","testChangeBusinessUnitFraudControlActivity"
"Edits the user's role and status, verifies the updates, and reactivates the user.","16006","testEditUser","suite name","Thu Sep 18 12:12:58 GMT 2025","passed","Thu Sep 18 12:13:14 GMT 2025","xyz.npgw.test.run.TeamPageTest","test name","xyz.npgw.test.run.TeamPageTest","testEditUser"
"Delete Fraud Control with Cancel buttonDelete Fraud Control with 'Cross'Delete Fraud Control with ESC","8987","testCancelDeletingFraudControl","suite name","Thu Sep 18 12:08:58 GMT 2025","passed","Thu Sep 18 12:09:07 GMT 2025","xyz.npgw.test.run.FraudControlTest","test name","xyz.npgw.test.run.FraudControlTest","testCancelDeletingFraudControl"
"Verify, that date picker contains default value before and after reset filter","3188","testResetDataAsTestAdmin","suite name","Thu Sep 18 12:17:08 GMT 2025","passed","Thu Sep 18 12:17:11 GMT 2025","xyz.npgw.test.run.AdminTransactionsPageTest","test name","xyz.npgw.test.run.AdminTransactionsPageTest","testResetDataAsTestAdmin"
"Verify that 'Integrated third party controls' table can be sorted","26685","testIntegratedTpControlsTableEntriesSorting","suite name","Thu Sep 18 12:06:54 GMT 2025","passed","Thu Sep 18 12:07:21 GMT 2025","xyz.npgw.test.run.FraudControlTest","test name","xyz.npgw.test.run.FraudControlTest","testIntegratedTpControlsTableEntriesSorting"
"Deactivate user by 'Change user activity button' and verify status change","12942","testDeactivateUserViaChangeUserActivityButton","suite name","Thu Sep 18 12:12:03 GMT 2025","passed","Thu Sep 18 12:12:16 GMT 2025","xyz.npgw.test.run.TeamPageTest","test name","xyz.npgw.test.run.TeamPageTest","testDeactivateUserViaChangeUserActivityButton"
"Edit Amount","4769","testEditAmountAsUser","suite name","Thu Sep 18 12:16:55 GMT 2025","passed","Thu Sep 18 12:17:00 GMT 2025","xyz.npgw.test.run.UserTransactionsPageTest","test name","xyz.npgw.test.run.UserTransactionsPageTest","testEditAmountAsUser"
"Merchant acquirer can be successfully deleted","14419","testDeleteMerchantAcquirer","suite name","Thu Sep 18 12:08:39 GMT 2025","passed","Thu Sep 18 12:08:53 GMT 2025","xyz.npgw.test.run.GatewayPageTest","test name","xyz.npgw.test.run.GatewayPageTest","testDeleteMerchantAcquirer"
"The transaction table data on the UI matches the exported CSV file data.","56833","testTransactionTableMatchesDownloadedCsv","suite name","Thu Sep 18 12:06:19 GMT 2025","passed","Thu Sep 18 12:07:16 GMT 2025","xyz.npgw.test.run.TransactionsTableTest","test name","xyz.npgw.test.run.TransactionsTableTest","testTransactionTableMatchesDownloadedCsv"
"Verify that company cannot be deleted if there are users assigned to it","11806","testCannotDeleteCompanyWithAssignedUser","suite name","Thu Sep 18 12:11:25 GMT 2025","passed","Thu Sep 18 12:11:37 GMT 2025","xyz.npgw.test.run.CompaniesAndBusinessUnitsTest","test name","xyz.npgw.test.run.CompaniesAndBusinessUnitsTest","testCannotDeleteCompanyWithAssignedUser"
"Choose amount popup functionality","5841","testChooseAmountPopUpAsAdmin","suite name","Thu Sep 18 12:16:16 GMT 2025","passed","Thu Sep 18 12:16:22 GMT 2025","xyz.npgw.test.run.AdminTransactionsPageTest","test name","xyz.npgw.test.run.AdminTransactionsPageTest","testChooseAmountPopUpAsAdmin"
"Create and deactivate company analyst as super admin","30756","testCreateCompanyAnalystAndDeactivate","suite name","Thu Sep 18 12:14:10 GMT 2025","passed","Thu Sep 18 12:14:41 GMT 2025","xyz.npgw.test.run.TeamPageLogoutTest","test name","xyz.npgw.test.run.TeamPageLogoutTest","testCreateCompanyAnalystAndDeactivate"
"Check that selecting a company populates the 'Business units list', and when no company is selected, the list is empty with 'No items.'","5102","testBusinessUnitsListUpdatesOnCompanySelection","suite name","Thu Sep 18 12:07:43 GMT 2025","passed","Thu Sep 18 12:07:48 GMT 2025","xyz.npgw.test.run.GatewayPageTest","test name","xyz.npgw.test.run.GatewayPageTest","testBusinessUnitsListUpdatesOnCompanySelection"
"Verify the request to server contains all the information from the filter","12635","testRequestToServer","suite name","Thu Sep 18 12:14:27 GMT 2025","passed","Thu Sep 18 12:14:40 GMT 2025","xyz.npgw.test.run.TransactionsPageTest","test name","xyz.npgw.test.run.TransactionsPageTest","testRequestToServer"
"Add new company admin as company admin","7157","testAddCompanyAdminAsAdmin","suite name","Thu Sep 18 12:10:56 GMT 2025","passed","Thu Sep 18 12:11:03 GMT 2025","xyz.npgw.test.run.AdminTeamPageTest","test name","xyz.npgw.test.run.AdminTeamPageTest","testAddCompanyAdminAsAdmin"
"Verify full lists of column headers in table and visible columns from Settings","7414","testCheckUncheckAllVisibleColumns","suite name","Thu Sep 18 12:00:59 GMT 2025","passed","Thu Sep 18 12:01:06 GMT 2025","xyz.npgw.test.run.TransactionsTableTest","test name","xyz.npgw.test.run.TransactionsTableTest","testCheckUncheckAllVisibleColumns"
"Verify that 'NPGW reference' and 'Business unit reference' fields appear when clicking on 'Trx IDs'.","1866","testSearchOptionsVisibleAfterClickingTrxIds","suite name","Thu Sep 18 12:15:30 GMT 2025","passed","Thu Sep 18 12:15:32 GMT 2025","xyz.npgw.test.run.TransactionsPageTest","test name","xyz.npgw.test.run.TransactionsPageTest","testSearchOptionsVisibleAfterClickingTrxIds"
"Check if the user can change the password through the profile settings in the user menu","6339","testChangePassword","suite name","Thu Sep 18 12:19:38 GMT 2025","passed","Thu Sep 18 12:19:45 GMT 2025","xyz.npgw.test.run.HeaderLogoutTest","test name","xyz.npgw.test.run.HeaderLogoutTest","testChangePassword"
"Verify the active and inactive merchant acquirers can be added","21217","testAddMerchantAcquirer","suite name","Thu Sep 18 12:07:20 GMT 2025","passed","Thu Sep 18 12:07:41 GMT 2025","xyz.npgw.test.run.GatewayPageTest","test name","xyz.npgw.test.run.GatewayPageTest","testAddMerchantAcquirer"
"Download files: PDF, Excel, CSV","0","testDownloadFiles","suite name","Thu Sep 18 12:00:44 GMT 2025","unknown","Thu Sep 18 12:00:44 GMT 2025","xyz.npgw.test.run.TransactionsPageTest","test name","xyz.npgw.test.run.TransactionsPageTest","testDownloadFiles"
"Verify that the user can switch to the dark theme","1514","testDarkColorThemeSwitch","suite name","Thu Sep 18 12:16:04 GMT 2025","passed","Thu Sep 18 12:16:06 GMT 2025","xyz.npgw.test.run.HeaderTest","test name","xyz.npgw.test.run.HeaderTest","testDarkColorThemeSwitch"
"'Reset filter' clears selected options to default","5890","testResetFilter","suite name","Thu Sep 18 12:18:06 GMT 2025","passed","Thu Sep 18 12:18:12 GMT 2025","xyz.npgw.test.run.DashboardPageTest","test name","xyz.npgw.test.run.DashboardPageTest","testResetFilter"
"Verify that re-selecting an already selected status keeps the selection unchanged.","12683","testRetainStatusWhenReSelectingSameOption","suite name","Thu Sep 18 12:02:51 GMT 2025","passed","Thu Sep 18 12:03:03 GMT 2025","xyz.npgw.test.run.AcquirersPageTest","test name","xyz.npgw.test.run.AcquirersPageTest","testRetainStatusWhenReSelectingSameOption"
"User navigate to 'Dashboard page' after login","1253","testNavigateToDashboardAfterLoginAsTestAdmin","suite name","Thu Sep 18 12:18:31 GMT 2025","passed","Thu Sep 18 12:18:33 GMT 2025","xyz.npgw.test.run.TestAdminDashboardPageTest","test name","xyz.npgw.test.run.TestAdminDashboardPageTest","testNavigateToDashboardAfterLoginAsTestAdmin"
"Verify: Url fields in the 'Setup acquirer MID' dialog accept Valid URL structures","11150","testUrlFieldsAcceptValidUrlStructures","suite name","Thu Sep 18 12:04:19 GMT 2025","passed","Thu Sep 18 12:04:30 GMT 2025","xyz.npgw.test.run.AcquirersPageTest","test name","xyz.npgw.test.run.AcquirersPageTest","testUrlFieldsAcceptValidUrlStructures"
"Verify that users can be sorted in reverse alphabetical order","4150","testCheckSortingListOfUsersReverse","suite name","Thu Sep 18 12:11:30 GMT 2025","passed","Thu Sep 18 12:11:34 GMT 2025","xyz.npgw.test.run.TeamPageTest","test name","xyz.npgw.test.run.TeamPageTest","testCheckSortingListOfUsersReverse"
"The visibility of the acquirers table header and table contents","3713","testVisibilityHeaderAndAcquirersList","suite name","Thu Sep 18 12:05:04 GMT 2025","passed","Thu Sep 18 12:05:07 GMT 2025","xyz.npgw.test.run.AcquirersPageTest","test name","xyz.npgw.test.run.AcquirersPageTest","testVisibilityHeaderAndAcquirersList"
"For Admin : contents of Tooltips, that appear after hovering on the icon-buttons, are correct","17300","testTeamTooltipsContentAsAdmin","suite name","Thu Sep 18 12:13:14 GMT 2025","passed","Thu Sep 18 12:13:31 GMT 2025","xyz.npgw.test.run.AdminTeamPageTest","test name","xyz.npgw.test.run.AdminTeamPageTest","testTeamTooltipsContentAsAdmin"
"All key chart elements are correctly displayed","7883","testVisibleChartElementsAreDisplayedCorrectly","suite name","Thu Sep 18 12:18:34 GMT 2025","passed","Thu Sep 18 12:18:41 GMT 2025","xyz.npgw.test.run.DashboardPageTest","test name","xyz.npgw.test.run.DashboardPageTest","testVisibleChartElementsAreDisplayedCorrectly"
"Adding a user with an existing email address results in an error message.","10792","testAddUserWithExistingEmailAsAdmin","suite name","Thu Sep 18 12:11:18 GMT 2025","passed","Thu Sep 18 12:11:28 GMT 2025","xyz.npgw.test.run.AdminTeamPageTest","test name","xyz.npgw.test.run.AdminTeamPageTest","testAddUserWithExistingEmailAsAdmin"
"Verify that business unit cannot be deleted if there are users associated with it","6189","testDeletingBusinessUnitWithUsersFailsWithError","suite name","Thu Sep 18 12:14:29 GMT 2025","passed","Thu Sep 18 12:14:35 GMT 2025","xyz.npgw.test.run.TeamPageTest","test name","xyz.npgw.test.run.TeamPageTest","testDeletingBusinessUnitWithUsersFailsWithError"
"'Reset filter' button resets the 'Status' filter to 'All' and clears the selected company","7255","testResetFilter","suite name","Thu Sep 18 12:13:19 GMT 2025","passed","Thu Sep 18 12:13:26 GMT 2025","xyz.npgw.test.run.TeamPageTest","test name","xyz.npgw.test.run.TeamPageTest","testResetFilter"
"Filtering transactions by Amount","12619","testFilterTransactionsByAmount","suite name","Thu Sep 18 12:03:00 GMT 2025","passed","Thu Sep 18 12:03:12 GMT 2025","xyz.npgw.test.run.TransactionsTableTest","test name","xyz.npgw.test.run.TransactionsTableTest","testFilterTransactionsByAmount"
"The presence of the dropdown options export table data to file","10159","testPresenceOfDownloadFilesOptions","suite name","Thu Sep 18 12:14:15 GMT 2025","passed","Thu Sep 18 12:14:25 GMT 2025","xyz.npgw.test.run.TransactionsPageTest","test name","xyz.npgw.test.run.TransactionsPageTest","testPresenceOfDownloadFilesOptions"
"User navigate to 'System administration page'","1927","testNavigateToSystemAdministrationPage","suite name","Thu Sep 18 12:13:15 GMT 2025","passed","Thu Sep 18 12:13:17 GMT 2025","xyz.npgw.test.run.TeamPageTest","test name","xyz.npgw.test.run.TeamPageTest","testNavigateToSystemAdministrationPage"
"Error message when trying to create a company with invalid length and special characters.","3562","testErrorForInvalidCompanyNameLengthAndCharacters","suite name","Thu Sep 18 12:11:47 GMT 2025","passed","Thu Sep 18 12:11:50 GMT 2025","xyz.npgw.test.run.CompaniesAndBusinessUnitsTest","test name","xyz.npgw.test.run.CompaniesAndBusinessUnitsTest","testErrorForInvalidCompanyNameLengthAndCharacters"
"Create new company admin user as super","7847","testCreateCompanyAdminUser","suite name","Thu Sep 18 12:11:35 GMT 2025","passed","Thu Sep 18 12:11:43 GMT 2025","xyz.npgw.test.run.TeamPageTest","test name","xyz.npgw.test.run.TeamPageTest","testCreateCompanyAdminUser"
"All key chart elements are correctly displayed","7193","testVisibleChartElementsAreDisplayedCorrectlyAsTestAdmin","suite name","Thu Sep 18 12:18:55 GMT 2025","passed","Thu Sep 18 12:19:02 GMT 2025","xyz.npgw.test.run.TestAdminDashboardPageTest","test name","xyz.npgw.test.run.TestAdminDashboardPageTest","testVisibleChartElementsAreDisplayedCorrectlyAsTestAdmin"
"Correct transaction summary mock data is displayed on Dashboard page","9120","testTransactionSummaryMock","suite name","Thu Sep 18 12:18:24 GMT 2025","passed","Thu Sep 18 12:18:33 GMT 2025","xyz.npgw.test.run.DashboardPageTest","test name","xyz.npgw.test.run.DashboardPageTest","testTransactionSummaryMock"
"Check password policy validation error messages when changing password in user menu","16327","testChangePasswordValidationMessages","suite name","Thu Sep 18 12:15:08 GMT 2025","passed","Thu Sep 18 12:15:24 GMT 2025","xyz.npgw.test.run.HeaderTest","test name","xyz.npgw.test.run.HeaderTest","testChangePasswordValidationMessages"
"Verify that business unit can be deleted","7632","testDeleteBusinessUnit","suite name","Thu Sep 18 12:12:55 GMT 2025","passed","Thu Sep 18 12:13:03 GMT 2025","xyz.npgw.test.run.CompaniesAndBusinessUnitsTest","test name","xyz.npgw.test.run.CompaniesAndBusinessUnitsTest","testDeleteBusinessUnit"
"Unauthenticated user navigate to 'Login page'","1722","testNavigateToLoginPageUnauthenticated","suite name","Thu Sep 18 12:18:47 GMT 2025","passed","Thu Sep 18 12:18:49 GMT 2025","xyz.npgw.test.run.UnauthenticatedLoginPageTest","test name","xyz.npgw.test.run.UnauthenticatedLoginPageTest","testNavigateToLoginPageUnauthenticated"
"User navigate to 'Transactions page' after clicking on 'Transactions' link on the header","2083","testNavigateToTransactionsPage","suite name","Thu Sep 18 12:14:12 GMT 2025","passed","Thu Sep 18 12:14:14 GMT 2025","xyz.npgw.test.run.TransactionsPageTest","test name","xyz.npgw.test.run.TransactionsPageTest","testNavigateToTransactionsPage"
"Verify company analyst can be deleted by company admin","8472","testDeleteCompanyAnalystAsAdmin","suite name","Thu Sep 18 12:13:39 GMT 2025","passed","Thu Sep 18 12:13:48 GMT 2025","xyz.npgw.test.run.AdminTeamPageTest","test name","xyz.npgw.test.run.AdminTeamPageTest","testDeleteCompanyAnalystAsAdmin"
"Delete Inactive Fraud Control not added to Business Unit","5443","testDeleteInactiveFraudControlNotAddedToBusinessUnit","suite name","Thu Sep 18 12:06:41 GMT 2025","passed","Thu Sep 18 12:06:46 GMT 2025","xyz.npgw.test.run.FraudControlTest","test name","xyz.npgw.test.run.FraudControlTest","testDeleteInactiveFraudControlNotAddedToBusinessUnit"
"Verify that the Company admin can see all the company's business units in the Business unit dropdown list","1520","testTheVisibilityOfTheAvailableBusinessUnitOptionsAsAdmin","suite name","Thu Sep 18 12:17:34 GMT 2025","passed","Thu Sep 18 12:17:36 GMT 2025","xyz.npgw.test.run.AdminTransactionsPageTest","test name","xyz.npgw.test.run.AdminTransactionsPageTest","testTheVisibilityOfTheAvailableBusinessUnitOptionsAsAdmin"
"Verify that 'NPGW reference' and 'Business unit reference' fields appear when clicking on 'Trx IDs'.","1902","testSearchOptionsVisibleAfterClickingTrxIdsAsAdmin","suite name","Thu Sep 18 12:17:31 GMT 2025","passed","Thu Sep 18 12:17:33 GMT 2025","xyz.npgw.test.run.AdminTransactionsPageTest","test name","xyz.npgw.test.run.AdminTransactionsPageTest","testSearchOptionsVisibleAfterClickingTrxIdsAsAdmin"
"Error is displayed when trying to create a company with an already existing name","4088","testAddCompanyWithSameName","suite name","Thu Sep 18 12:11:20 GMT 2025","passed","Thu Sep 18 12:11:24 GMT 2025","xyz.npgw.test.run.CompaniesAndBusinessUnitsTest","test name","xyz.npgw.test.run.CompaniesAndBusinessUnitsTest","testAddCompanyWithSameName"
"'Reset' button clears selected filter values and resets them to default.","9245","testResetFilter","suite name","Thu Sep 18 12:02:29 GMT 2025","passed","Thu Sep 18 12:02:39 GMT 2025","xyz.npgw.test.run.AcquirersPageTest","test name","xyz.npgw.test.run.AcquirersPageTest","testResetFilter"
"Adding a user with an existing email address results in an error message.","11635","testAddUserWithExistingEmail","suite name","Thu Sep 18 12:11:12 GMT 2025","passed","Thu Sep 18 12:11:24 GMT 2025","xyz.npgw.test.run.TeamPageTest","test name","xyz.npgw.test.run.TeamPageTest","testAddUserWithExistingEmail"
"Verify default filter state was applied once reset","4157","testResetAppliedFilter","suite name","Thu Sep 18 12:12:01 GMT 2025","passed","Thu Sep 18 12:12:05 GMT 2025","xyz.npgw.test.run.CompaniesAndBusinessUnitsTest","test name","xyz.npgw.test.run.CompaniesAndBusinessUnitsTest","testResetAppliedFilter"
"Edit Amount","3279","testEditAmountAsAdmin","suite name","Thu Sep 18 12:16:29 GMT 2025","passed","Thu Sep 18 12:16:32 GMT 2025","xyz.npgw.test.run.AdminTransactionsPageTest","test name","xyz.npgw.test.run.AdminTransactionsPageTest","testEditAmountAsAdmin"
"Verify required field states, placeholders, and button state in empty 'Add Company' form.","4501","testAddCompanyFormValidationWhenEmpty","suite name","Thu Sep 18 12:11:13 GMT 2025","passed","Thu Sep 18 12:11:18 GMT 2025","xyz.npgw.test.run.CompaniesAndBusinessUnitsTest","test name","xyz.npgw.test.run.CompaniesAndBusinessUnitsTest","testAddCompanyFormValidationWhenEmpty"
"Error message 'From should be lesser than To' appears","3641","testErrorMessageByAmountAsUser","suite name","Thu Sep 18 12:17:02 GMT 2025","passed","Thu Sep 18 12:17:06 GMT 2025","xyz.npgw.test.run.UserTransactionsPageTest","test name","xyz.npgw.test.run.UserTransactionsPageTest","testErrorMessageByAmountAsUser"
"Verify, that 'Reset filter' button change 'Currency' to default value (ALL)","7675","testResetCurrencyAsAdmin","suite name","Thu Sep 18 12:16:59 GMT 2025","passed","Thu Sep 18 12:17:06 GMT 2025","xyz.npgw.test.run.AdminTransactionsPageTest","test name","xyz.npgw.test.run.AdminTransactionsPageTest","testResetCurrencyAsAdmin"
"Verify, that 'Reset filter' button change 'Amount' to default","3741","testResetAmountAsUser","suite name","Thu Sep 18 12:17:11 GMT 2025","passed","Thu Sep 18 12:17:15 GMT 2025","xyz.npgw.test.run.UserTransactionsPageTest","test name","xyz.npgw.test.run.UserTransactionsPageTest","testResetAmountAsUser"
"Verify that 'NPGW reference' and 'Business unit reference' fields appear when clicking on 'Trx IDs'.","2820","testSearchOptionsVisibleAfterClickingTrxIdsAsUser","suite name","Thu Sep 18 12:17:54 GMT 2025","passed","Thu Sep 18 12:17:57 GMT 2025","xyz.npgw.test.run.UserTransactionsPageTest","test name","xyz.npgw.test.run.UserTransactionsPageTest","testSearchOptionsVisibleAfterClickingTrxIdsAsUser"
"The 'Currency' dropdown toggles and contains options","2420","testOpenCurrencyDropdown","suite name","Thu Sep 18 12:09:21 GMT 2025","passed","Thu Sep 18 12:09:24 GMT 2025","xyz.npgw.test.run.GatewayPageTest","test name","xyz.npgw.test.run.GatewayPageTest","testOpenCurrencyDropdown"
"Correct merchant ID is sent to the server","1890","testCheckMerchantIdAsTestAdmin","suite name","Thu Sep 18 12:18:23 GMT 2025","passed","Thu Sep 18 12:18:25 GMT 2025","xyz.npgw.test.run.TestAdminDashboardPageTest","test name","xyz.npgw.test.run.TestAdminDashboardPageTest","testCheckMerchantIdAsTestAdmin"
"Edit company admin as super admin","14360","testEditCompanyAdmin","suite name","Thu Sep 18 12:12:17 GMT 2025","passed","Thu Sep 18 12:12:31 GMT 2025","xyz.npgw.test.run.TeamPageTest","test name","xyz.npgw.test.run.TeamPageTest","testEditCompanyAdmin"
"Filter acquirers by status.","5173","testFilterAcquirersByStatus","suite name","Thu Sep 18 12:02:22 GMT 2025","passed","Thu Sep 18 12:02:27 GMT 2025","xyz.npgw.test.run.AcquirersPageTest","test name","xyz.npgw.test.run.AcquirersPageTest","testFilterAcquirersByStatus"
"Verify possibility to add adjustment with Transaction adjustment","0","testAddTransactionAdjustment","suite name","Thu Sep 18 12:00:44 GMT 2025","unknown","Thu Sep 18 12:00:44 GMT 2025","xyz.npgw.test.run.TransactionManagementPageTest","test name","xyz.npgw.test.run.TransactionManagementPageTest","testAddTransactionAdjustment"
"Verify Minimum and Maximum Password Length Restrictions (negative)","2964","testPasswordLengthRestrictionsOnChange","suite name","Thu Sep 18 12:16:22 GMT 2025","passed","Thu Sep 18 12:16:25 GMT 2025","xyz.npgw.test.run.HeaderTest","test name","xyz.npgw.test.run.HeaderTest","testPasswordLengthRestrictionsOnChange"
"Verify that the Control Name field requires between 4 and 100 characters","4767","testControlNameLengthRestrictions","suite name","Thu Sep 18 12:05:42 GMT 2025","passed","Thu Sep 18 12:05:46 GMT 2025","xyz.npgw.test.run.FraudControlTest","test name","xyz.npgw.test.run.FraudControlTest","testControlNameLengthRestrictions"
"Delete Active Fraud Control not added to Business Unit","6936","testDeleteActiveFraudControlNotAddedToBusinessUnit","suite name","Thu Sep 18 12:10:21 GMT 2025","passed","Thu Sep 18 12:10:28 GMT 2025","xyz.npgw.test.run.FraudControlTest","test name","xyz.npgw.test.run.FraudControlTest","testDeleteActiveFraudControlNotAddedToBusinessUnit"
"Validates successful business unit addition to company","8022","testAddBusinessUnit","suite name","Thu Sep 18 12:12:35 GMT 2025","passed","Thu Sep 18 12:12:43 GMT 2025","xyz.npgw.test.run.CompaniesAndBusinessUnitsTest","test name","xyz.npgw.test.run.CompaniesAndBusinessUnitsTest","testAddBusinessUnit"
"Activate Fraud Control not added to Business UnitDeactivate Fraud Control not added to Business Unit","11109","testChangeControlActivityForFraudControlNotAddedToBusinessUnit","suite name","Thu Sep 18 12:09:22 GMT 2025","passed","Thu Sep 18 12:09:33 GMT 2025","xyz.npgw.test.run.FraudControlTest","test name","xyz.npgw.test.run.FraudControlTest","testChangeControlActivityForFraudControlNotAddedToBusinessUnit"
"Activate Fraud Control added to Business Unit and Deactivate Fraud Control added to Business Unit","31544","testChangeControlActivityForFraudControlAddedToBusinessUnit","suite name","Thu Sep 18 12:04:33 GMT 2025","passed","Thu Sep 18 12:05:04 GMT 2025","xyz.npgw.test.run.FraudControlTest","test name","xyz.npgw.test.run.FraudControlTest","testChangeControlActivityForFraudControlAddedToBusinessUnit"
"Add Fraud Control to Business Unit (No Fraud Control)Add Fraud Control to Business Unit (Business unit has Fraud Control)","23194","testAddFraudControlToBusinessUnit","suite name","Thu Sep 18 12:01:54 GMT 2025","passed","Thu Sep 18 12:02:17 GMT 2025","xyz.npgw.test.run.FraudControlTest","test name","xyz.npgw.test.run.FraudControlTest","testAddFraudControlToBusinessUnit"
"Verify, that date picker contains default value before and after reset filter","3060","testResetData","suite name","Thu Sep 18 12:15:08 GMT 2025","passed","Thu Sep 18 12:15:12 GMT 2025","xyz.npgw.test.run.TransactionsPageTest","test name","xyz.npgw.test.run.TransactionsPageTest","testResetData"
"Verify system admin can be deleted","10382","testDeleteSystemAdmin","suite name","Thu Sep 18 12:14:18 GMT 2025","passed","Thu Sep 18 12:14:28 GMT 2025","xyz.npgw.test.run.TeamPageTest","test name","xyz.npgw.test.run.TeamPageTest","testDeleteSystemAdmin"
"Correct merchant ID is sent to the server","3928","testCheckMerchantIdAsTestUser","suite name","Thu Sep 18 12:17:52 GMT 2025","passed","Thu Sep 18 12:17:56 GMT 2025","xyz.npgw.test.run.TestUserDashboardPageTest","test name","xyz.npgw.test.run.TestUserDashboardPageTest","testCheckMerchantIdAsTestUser"
"Log out via button in the user menu","1054","testLogOutViaButtonInUserMenu","suite name","Thu Sep 18 12:19:02 GMT 2025","passed","Thu Sep 18 12:19:03 GMT 2025","xyz.npgw.test.run.HeaderLogoutTest","test name","xyz.npgw.test.run.HeaderLogoutTest","testLogOutViaButtonInUserMenu"
"Create new company admin user under admin","6840","testCreateCompanyAdminUserAsAdmin","suite name","Thu Sep 18 12:11:39 GMT 2025","passed","Thu Sep 18 12:11:46 GMT 2025","xyz.npgw.test.run.AdminTeamPageTest","test name","xyz.npgw.test.run.AdminTeamPageTest","testCreateCompanyAdminUserAsAdmin"
"Verifies that the status radio buttons ('Active' and 'Inactive') toggle correctly.","6388","testToggleStatusRadioButtonsCorrectly","suite name","Thu Sep 18 12:04:02 GMT 2025","passed","Thu Sep 18 12:04:08 GMT 2025","xyz.npgw.test.run.AcquirersPageTest","test name","xyz.npgw.test.run.AcquirersPageTest","testToggleStatusRadioButtonsCorrectly"
"All refundable transactions display correct refund dialog text and pre-filled refund amount.","41872","testRefundDialogDisplaysCorrectTextAndAmount","suite name","Thu Sep 18 12:04:43 GMT 2025","passed","Thu Sep 18 12:05:25 GMT 2025","xyz.npgw.test.run.TransactionsTableTest","test name","xyz.npgw.test.run.TransactionsTableTest","testRefundDialogDisplaysCorrectTextAndAmount"
"Create button is disabled if nothing is selected","3792","testCreateButtonIsDisabledByDefault","suite name","Thu Sep 18 12:19:21 GMT 2025","passed","Thu Sep 18 12:19:24 GMT 2025","xyz.npgw.test.run.TransactionManagementPageTest","test name","xyz.npgw.test.run.TransactionManagementPageTest","testCreateButtonIsDisabledByDefault"
"Priority icons for only one Business unit control","14732","testPriorityIconsDisableForOnlyOneBusinessUnitControl","suite name","Thu Sep 18 12:07:22 GMT 2025","passed","Thu Sep 18 12:07:37 GMT 2025","xyz.npgw.test.run.FraudControlTest","test name","xyz.npgw.test.run.FraudControlTest","testPriorityIconsDisableForOnlyOneBusinessUnitControl"
"Error message 'From should be lesser than To' appears","2316","testErrorMessageByAmountAsAdmin","suite name","Thu Sep 18 12:16:33 GMT 2025","passed","Thu Sep 18 12:16:35 GMT 2025","xyz.npgw.test.run.AdminTransactionsPageTest","test name","xyz.npgw.test.run.AdminTransactionsPageTest","testErrorMessageByAmountAsAdmin"
"Verify that user can see selector Status Options","2315","testTheVisibilityOfTheStatusSelectorOptionsAsUser","suite name","Thu Sep 18 12:18:05 GMT 2025","passed","Thu Sep 18 12:18:07 GMT 2025","xyz.npgw.test.run.UserTransactionsPageTest","test name","xyz.npgw.test.run.UserTransactionsPageTest","testTheVisibilityOfTheStatusSelectorOptionsAsUser"
"Generate API secret token as company admin","3360","testGenerateTokenAsTestAdmin","suite name","Thu Sep 18 12:19:10 GMT 2025","passed","Thu Sep 18 12:19:13 GMT 2025","xyz.npgw.test.run.TestAdminCompaniesAndBusinessUnitsTest","test name","xyz.npgw.test.run.TestAdminCompaniesAndBusinessUnitsTest","testGenerateTokenAsTestAdmin"
"Verify that entries can be sorted by Priority, Status, Acquirer and Currencies in Asc and Desc order","24667","testSortEntries","suite name","Thu Sep 18 12:10:11 GMT 2025","passed","Thu Sep 18 12:10:36 GMT 2025","xyz.npgw.test.run.GatewayPageTest","test name","xyz.npgw.test.run.GatewayPageTest","testSortEntries"
"Verify that the 'Entity name' field requires between 4 and 100 characters","8200","testEntityNameIsMandatoryLengthRestrictions","suite name","Thu Sep 18 12:01:53 GMT 2025","passed","Thu Sep 18 12:02:02 GMT 2025","xyz.npgw.test.run.AcquirersPageTest","test name","xyz.npgw.test.run.AcquirersPageTest","testEntityNameIsMandatoryLengthRestrictions"
"Verify, that 'Reset filter' clean 'Business Unit' input field","4552","testResetBusinessUnit","suite name","Thu Sep 18 12:14:48 GMT 2025","passed","Thu Sep 18 12:14:53 GMT 2025","xyz.npgw.test.run.TransactionsPageTest","test name","xyz.npgw.test.run.TransactionsPageTest","testResetBusinessUnit"
"Verify Acquirer can be activated and deactivated from the table","12835","testAcquirerCanBeActivatedAndDeactivated","suite name","Thu Sep 18 12:00:59 GMT 2025","passed","Thu Sep 18 12:01:12 GMT 2025","xyz.npgw.test.run.AcquirersPageTest","test name","xyz.npgw.test.run.AcquirersPageTest","testAcquirerCanBeActivatedAndDeactivated"
"The company info block can be hidden and shown via settings.","2526","testToggleCompanyInfoVisibilityViaSettingsAsAdmin","suite name","Thu Sep 18 12:19:14 GMT 2025","passed","Thu Sep 18 12:19:16 GMT 2025","xyz.npgw.test.run.TestAdminCompaniesAndBusinessUnitsTest","test name","xyz.npgw.test.run.TestAdminCompaniesAndBusinessUnitsTest","testToggleCompanyInfoVisibilityViaSettingsAsAdmin"
"Close button with no changes performed","0","testClickCloseButtonWithNoChanges","suite name","Thu Sep 18 12:00:44 GMT 2025","unknown","Thu Sep 18 12:00:44 GMT 2025","xyz.npgw.test.run.TransactionManagementPageTest","test name","xyz.npgw.test.run.TransactionManagementPageTest","testClickCloseButtonWithNoChanges"
"Verify Acquirer status 'Active/Inactive' is displayed in column 'Status'","13223","testVerifyAcquirerStatus","suite name","Thu Sep 18 12:04:44 GMT 2025","passed","Thu Sep 18 12:04:57 GMT 2025","xyz.npgw.test.run.AcquirersPageTest","test name","xyz.npgw.test.run.AcquirersPageTest","testVerifyAcquirerStatus"
"Verify company admin can be deleted","10607","testDeleteCompanyAdmin","suite name","Thu Sep 18 12:14:06 GMT 2025","passed","Thu Sep 18 12:14:17 GMT 2025","xyz.npgw.test.run.TeamPageTest","test name","xyz.npgw.test.run.TeamPageTest","testDeleteCompanyAdmin"
"Verify that users can be sorted alphabetically","3999","testCheckSortingListOfUsersAlphabetically","suite name","Thu Sep 18 12:11:25 GMT 2025","passed","Thu Sep 18 12:11:29 GMT 2025","xyz.npgw.test.run.TeamPageTest","test name","xyz.npgw.test.run.TeamPageTest","testCheckSortingListOfUsersAlphabetically"
"Error message is displayed when start date is after end date.","1778","testErrorMessageForReversedDateRangeAsTestUser","suite name","Thu Sep 18 12:17:57 GMT 2025","passed","Thu Sep 18 12:17:59 GMT 2025","xyz.npgw.test.run.TestUserDashboardPageTest","test name","xyz.npgw.test.run.TestUserDashboardPageTest","testErrorMessageForReversedDateRangeAsTestUser"
"Verify, that 'Reset filter' button change 'Status' (two options are checked) to default value ( ALL)","0","testResetMultiStatus","suite name","Thu Sep 18 12:00:44 GMT 2025","unknown","Thu Sep 18 12:00:44 GMT 2025","xyz.npgw.test.run.TransactionsPageTest","test name","xyz.npgw.test.run.TransactionsPageTest","testResetMultiStatus"
"Tooltips for available actions check","7035","testTooltipsForAcquirersTable","suite name","Thu Sep 18 12:04:11 GMT 2025","passed","Thu Sep 18 12:04:18 GMT 2025","xyz.npgw.test.run.AcquirersPageTest","test name","xyz.npgw.test.run.AcquirersPageTest","testTooltipsForAcquirersTable"
"Verify that users can be sorted alphabetically","2970","testCheckSortingListOfUsersAlphabeticallyAsAdmin","suite name","Thu Sep 18 12:11:30 GMT 2025","passed","Thu Sep 18 12:11:33 GMT 2025","xyz.npgw.test.run.AdminTeamPageTest","test name","xyz.npgw.test.run.AdminTeamPageTest","testCheckSortingListOfUsersAlphabeticallyAsAdmin"
"Verify that on the Transactions Page user can see Panel: Company Business unit, Date range, Currency, Card type, Status, Trx Ids, Amount, Reset filter, Apply data, Download file, Settings.","862","testVisibilityOfControlPanelElements","suite name","Thu Sep 18 12:15:55 GMT 2025","passed","Thu Sep 18 12:15:56 GMT 2025","xyz.npgw.test.run.TransactionsPageTest","test name","xyz.npgw.test.run.TransactionsPageTest","testVisibilityOfControlPanelElements"
"Deactivate Fraud Control with Cancel buttonDeactivate Fraud Control with 'Cross'Deactivate Fraud Control with ESC","9842","testCancelDeactivationFraudControl","suite name","Thu Sep 18 12:08:47 GMT 2025","passed","Thu Sep 18 12:08:57 GMT 2025","xyz.npgw.test.run.FraudControlTest","test name","xyz.npgw.test.run.FraudControlTest","testCancelDeactivationFraudControl"
"Verifying that we can switch the page when we click next button","11698","testPaginationNextButton","suite name","Thu Sep 18 12:04:07 GMT 2025","passed","Thu Sep 18 12:04:18 GMT 2025","xyz.npgw.test.run.TransactionsTableTest","test name","xyz.npgw.test.run.TransactionsTableTest","testPaginationNextButton"
"Correct transaction summary is displayed on Dashboard page","9093","testTransactionSummary","suite name","Thu Sep 18 12:18:13 GMT 2025","passed","Thu Sep 18 12:18:22 GMT 2025","xyz.npgw.test.run.DashboardPageTest","test name","xyz.npgw.test.run.DashboardPageTest","testTransactionSummary"
"Table column headers fit inside viewport on each page when navigating through paginated results","14846","testColumnHeadersDisplayCorrectlyOnAllPages","suite name","Thu Sep 18 12:01:28 GMT 2025","passed","Thu Sep 18 12:01:43 GMT 2025","xyz.npgw.test.run.AcquirersPageTest","test name","xyz.npgw.test.run.AcquirersPageTest","testColumnHeadersDisplayCorrectlyOnAllPages"
"Verify text content for Header and Main body on 'Connect control' dialog","7238","testVerifyWarningModalWindowConnectControlTable","suite name","Thu Sep 18 12:08:21 GMT 2025","passed","Thu Sep 18 12:08:28 GMT 2025","xyz.npgw.test.run.FraudControlTest","test name","xyz.npgw.test.run.FraudControlTest","testVerifyWarningModalWindowConnectControlTable"
"Check if the user can change the password through the profile settings in the user menu","6929","testChangePassword","suite name","Thu Sep 18 12:19:07 GMT 2025","passed","Thu Sep 18 12:19:14 GMT 2025","xyz.npgw.test.run.HeaderLogoutTest","test name","xyz.npgw.test.run.HeaderLogoutTest","testChangePassword"
"Edit Fraud Control with Cancel buttonEdit Fraud Control with 'Cross'Edit Fraud Control with ESC","13094","testCancelEditingFraudControl","suite name","Thu Sep 18 12:09:08 GMT 2025","passed","Thu Sep 18 12:09:21 GMT 2025","xyz.npgw.test.run.FraudControlTest","test name","xyz.npgw.test.run.FraudControlTest","testCancelEditingFraudControl"
"Verify that transactions are present in the table when a currency filter is applied on the last page","12578","testTableDisplayWhenCurrencyFilterAppliedWhileOnLastPage","suite name","Thu Sep 18 12:06:05 GMT 2025","passed","Thu Sep 18 12:06:18 GMT 2025","xyz.npgw.test.run.TransactionsTableTest","test name","xyz.npgw.test.run.TransactionsTableTest","testTableDisplayWhenCurrencyFilterAppliedWhileOnLastPage"
"'Reset filter' clears selected options to default","4785","testResetFilterAsTestAdmin","suite name","Thu Sep 18 12:18:34 GMT 2025","passed","Thu Sep 18 12:18:39 GMT 2025","xyz.npgw.test.run.TestAdminDashboardPageTest","test name","xyz.npgw.test.run.TestAdminDashboardPageTest","testResetFilterAsTestAdmin"
"Unauthenticated users are automatically redirected to the 'Login page'","907","testUnauthenticatedUserRedirectionToLoginPageUnauthenticated","suite name","Thu Sep 18 12:19:04 GMT 2025","passed","Thu Sep 18 12:19:05 GMT 2025","xyz.npgw.test.run.UnauthenticatedLoginPageTest","test name","xyz.npgw.test.run.UnauthenticatedLoginPageTest","testUnauthenticatedUserRedirectionToLoginPageUnauthenticated"
"Verify that user can see 'Card type' options","2075","testTheVisibilityOfTheCardTypeOptionsAsUser","suite name","Thu Sep 18 12:18:02 GMT 2025","passed","Thu Sep 18 12:18:04 GMT 2025","xyz.npgw.test.run.UserTransactionsPageTest","test name","xyz.npgw.test.run.UserTransactionsPageTest","testTheVisibilityOfTheCardTypeOptionsAsUser"
"Verify Minimum and Maximum Password Length Restrictions (negative)","3271","testPasswordLengthRestrictionsOnChange","suite name","Thu Sep 18 12:16:17 GMT 2025","passed","Thu Sep 18 12:16:21 GMT 2025","xyz.npgw.test.run.HeaderTest","test name","xyz.npgw.test.run.HeaderTest","testPasswordLengthRestrictionsOnChange"
"Check/Uncheck Visible columns in the Settings and verify table column headers","36853","testCheckUncheckOneVisibleColumn","suite name","Thu Sep 18 12:01:08 GMT 2025","passed","Thu Sep 18 12:01:45 GMT 2025","xyz.npgw.test.run.TransactionsTableTest","test name","xyz.npgw.test.run.TransactionsTableTest","testCheckUncheckOneVisibleColumn"
"Move merchant-acquirer down to reduce their priority, Move merchant-acquirer up to increase their priority","26279","testMoveMerchantAcquirerDownAndUpButtons","suite name","Thu Sep 18 12:08:54 GMT 2025","passed","Thu Sep 18 12:09:20 GMT 2025","xyz.npgw.test.run.GatewayPageTest","test name","xyz.npgw.test.run.GatewayPageTest","testMoveMerchantAcquirerDownAndUpButtons"
"Validates successful company creation and correct field persistence.","10528","testAddCompany","suite name","Thu Sep 18 12:10:54 GMT 2025","passed","Thu Sep 18 12:11:05 GMT 2025","xyz.npgw.test.run.CompaniesAndBusinessUnitsTest","test name","xyz.npgw.test.run.CompaniesAndBusinessUnitsTest","testAddCompany"
"Check that click on Logo return user to the dashboard page from other pages","920","testClickLogoReturnToDashboardPage","suite name","Thu Sep 18 12:16:03 GMT 2025","passed","Thu Sep 18 12:16:04 GMT 2025","xyz.npgw.test.run.HeaderTest","test name","xyz.npgw.test.run.HeaderTest","testClickLogoReturnToDashboardPage"
"The transaction table data on the UI matches the exported PDF file data.","77411","testTransactionTableMatchesDownloadedPdf","suite name","Thu Sep 18 12:09:07 GMT 2025","passed","Thu Sep 18 12:10:25 GMT 2025","xyz.npgw.test.run.TransactionsTableTest","test name","xyz.npgw.test.run.TransactionsTableTest","testTransactionTableMatchesDownloadedPdf"
"Tooltips for available actions check","9824","testTooltipsForActionsBusinessUnitControlTable","suite name","Thu Sep 18 12:09:47 GMT 2025","passed","Thu Sep 18 12:09:57 GMT 2025","xyz.npgw.test.run.FraudControlTest","test name","xyz.npgw.test.run.FraudControlTest","testTooltipsForActionsBusinessUnitControlTable"
"Verify that 'NPGW reference' and 'Business unit reference' fields appear when clicking on 'Trx IDs'.","12288","testTransactionSearchByNpgwReference","suite name","Thu Sep 18 12:15:42 GMT 2025","passed","Thu Sep 18 12:15:55 GMT 2025","xyz.npgw.test.run.TransactionsPageTest","test name","xyz.npgw.test.run.TransactionsPageTest","testTransactionSearchByNpgwReference"
"Verify that the user can switch to the light theme","2063","testLightColorThemeSwitch","suite name","Thu Sep 18 12:16:08 GMT 2025","passed","Thu Sep 18 12:16:10 GMT 2025","xyz.npgw.test.run.HeaderTest","test name","xyz.npgw.test.run.HeaderTest","testLightColorThemeSwitch"
"Remove inactive Fraud control added to Business unit","24076","testDeleteInactiveFraudControlAddedToBusinessUnit","suite name","Thu Sep 18 12:06:16 GMT 2025","passed","Thu Sep 18 12:06:40 GMT 2025","xyz.npgw.test.run.FraudControlTest","test name","xyz.npgw.test.run.FraudControlTest","testDeleteInactiveFraudControlAddedToBusinessUnit"
"Verify company analyst can be deleted","8812","testDeleteCompanyAnalyst","suite name","Thu Sep 18 12:14:38 GMT 2025","passed","Thu Sep 18 12:14:46 GMT 2025","xyz.npgw.test.run.TeamPageTest","test name","xyz.npgw.test.run.TeamPageTest","testDeleteCompanyAnalyst"
"Reset Amount Values","3201","testResetAmountValues","suite name","Thu Sep 18 12:14:45 GMT 2025","passed","Thu Sep 18 12:14:48 GMT 2025","xyz.npgw.test.run.TransactionsPageTest","test name","xyz.npgw.test.run.TransactionsPageTest","testResetAmountValues"
"Contents of Tooltips, that appear after hovering on the icon-buttons, are correct","17492","testTeamTooltipsContent","suite name","Thu Sep 18 12:13:48 GMT 2025","passed","Thu Sep 18 12:14:05 GMT 2025","xyz.npgw.test.run.TeamPageTest","test name","xyz.npgw.test.run.TeamPageTest","testTeamTooltipsContent"
"Verify, that 'Reset filter' button change 'Card Type' to default value (ALL)","5751","testResetCardTypeAsUser","suite name","Thu Sep 18 12:17:24 GMT 2025","passed","Thu Sep 18 12:17:30 GMT 2025","xyz.npgw.test.run.UserTransactionsPageTest","test name","xyz.npgw.test.run.UserTransactionsPageTest","testResetCardTypeAsUser"
"Error message is displayed when start date is after end date.","10545","testErrorMessageForReversedDateRange","suite name","Thu Sep 18 12:14:00 GMT 2025","passed","Thu Sep 18 12:14:10 GMT 2025","xyz.npgw.test.run.TransactionsPageTest","test name","xyz.npgw.test.run.TransactionsPageTest","testErrorMessageForReversedDateRange"
"Edit Amount","2898","testEditAmount","suite name","Thu Sep 18 12:13:53 GMT 2025","passed","Thu Sep 18 12:13:56 GMT 2025","xyz.npgw.test.run.TransactionsPageTest","test name","xyz.npgw.test.run.TransactionsPageTest","testEditAmount"
"Verify that click on Cancel button cancels the Merchant Acquirer status change","15186","testCancelButtonInChangeMerchantAcquirerActivityDialog","suite name","Thu Sep 18 12:07:50 GMT 2025","passed","Thu Sep 18 12:08:05 GMT 2025","xyz.npgw.test.run.GatewayPageTest","test name","xyz.npgw.test.run.GatewayPageTest","testCancelButtonInChangeMerchantAcquirerActivityDialog"
"'Reset filter' clears selected options","9202","testResetFilter","suite name","Thu Sep 18 12:07:37 GMT 2025","passed","Thu Sep 18 12:07:46 GMT 2025","xyz.npgw.test.run.FraudControlTest","test name","xyz.npgw.test.run.FraudControlTest","testResetFilter"
"Deactivate company analyst by 'Change user activity button' and verify status change as admin","12269","testDeactivateUserViaChangeUserActivityButtonAsAdmin","suite name","Thu Sep 18 12:12:06 GMT 2025","passed","Thu Sep 18 12:12:18 GMT 2025","xyz.npgw.test.run.AdminTeamPageTest","test name","xyz.npgw.test.run.AdminTeamPageTest","testDeactivateUserViaChangeUserActivityButtonAsAdmin"
"Check the hiding of parameters by pressing the chevron in Card details section","11024","testCheckTheHidingOfParameters","suite name","Thu Sep 18 12:16:09 GMT 2025","passed","Thu Sep 18 12:16:20 GMT 2025","xyz.npgw.test.run.TransactionDetailsTest","test name","xyz.npgw.test.run.TransactionDetailsTest","testCheckTheHidingOfParameters"
"Check after clicking on Transactions user redirected to Transactions page","1531","testTransactionsLink","suite name","Thu Sep 18 12:16:26 GMT 2025","passed","Thu Sep 18 12:16:28 GMT 2025","xyz.npgw.test.run.HeaderTest","test name","xyz.npgw.test.run.HeaderTest","testTransactionsLink"
"Error message is displayed when start date is after end date.","11477","testErrorMessageForReversedDateRange","suite name","Thu Sep 18 12:17:51 GMT 2025","passed","Thu Sep 18 12:18:03 GMT 2025","xyz.npgw.test.run.DashboardPageTest","test name","xyz.npgw.test.run.DashboardPageTest","testErrorMessageForReversedDateRange"
"Correct transaction summary is displayed on Dashboard page","5601","testTransactionSummaryAsTestAdmin","suite name","Thu Sep 18 12:18:40 GMT 2025","passed","Thu Sep 18 12:18:46 GMT 2025","xyz.npgw.test.run.TestAdminDashboardPageTest","test name","xyz.npgw.test.run.TestAdminDashboardPageTest","testTransactionSummaryAsTestAdmin"
"Verify, that 'Reset filter' clean 'Company' input field","1810","testResetCompany","suite name","Thu Sep 18 12:14:58 GMT 2025","passed","Thu Sep 18 12:15:00 GMT 2025","xyz.npgw.test.run.TransactionsPageTest","test name","xyz.npgw.test.run.TransactionsPageTest","testResetCompany"
"Error message is displayed when start date is after end date.","1962","testErrorMessageForReversedDateRangeAsTestAdmin","suite name","Thu Sep 18 12:18:27 GMT 2025","passed","Thu Sep 18 12:18:29 GMT 2025","xyz.npgw.test.run.TestAdminDashboardPageTest","test name","xyz.npgw.test.run.TestAdminDashboardPageTest","testErrorMessageForReversedDateRangeAsTestAdmin"
"Verify text content for Header and Main body on 'Delete control' dialog","4018","testVerifyWarningModalWindowDeleteControlTable","suite name","Thu Sep 18 12:08:28 GMT 2025","passed","Thu Sep 18 12:08:32 GMT 2025","xyz.npgw.test.run.FraudControlTest","test name","xyz.npgw.test.run.FraudControlTest","testVerifyWarningModalWindowDeleteControlTable"
"'Reset filter' button resets the 'Status' filter to 'All' and clears the selected company","4754","testResetFilterAsAdmin","suite name","Thu Sep 18 12:12:51 GMT 2025","passed","Thu Sep 18 12:12:55 GMT 2025","xyz.npgw.test.run.AdminTeamPageTest","test name","xyz.npgw.test.run.AdminTeamPageTest","testResetFilterAsAdmin"
"Verify, that 'Reset filter' button change 'Status' to default value (ALL)","13805","testResetStatusAsUser","suite name","Thu Sep 18 12:17:39 GMT 2025","passed","Thu Sep 18 12:17:53 GMT 2025","xyz.npgw.test.run.UserTransactionsPageTest","test name","xyz.npgw.test.run.UserTransactionsPageTest","testResetStatusAsUser"
"Check if the user can change the password through the profile settings in the user menu","6240","testChangePassword","suite name","Thu Sep 18 12:19:23 GMT 2025","passed","Thu Sep 18 12:19:30 GMT 2025","xyz.npgw.test.run.HeaderLogoutTest","test name","xyz.npgw.test.run.HeaderLogoutTest","testChangePassword"
"Verify,Control name is immutable","3693","testNotEditControlName","suite name","Thu Sep 18 12:09:43 GMT 2025","passed","Thu Sep 18 12:09:46 GMT 2025","xyz.npgw.test.run.FraudControlTest","test name","xyz.npgw.test.run.FraudControlTest","testNotEditControlName"
"Log out via button in the Header","980","testLogOutViaButtonInHeader","suite name","Thu Sep 18 12:18:51 GMT 2025","passed","Thu Sep 18 12:18:52 GMT 2025","xyz.npgw.test.run.HeaderLogoutTest","test name","xyz.npgw.test.run.HeaderLogoutTest","testLogOutViaButtonInHeader"
"Add Fraud Control to Business Unit with Cancel buttonAdd Fraud Control to Business Unit with 'Cross'Add Fraud Control to Business Unit with ESC","13083","testCancelAddingFraudControlToBusinessUnit","suite name","Thu Sep 18 12:08:33 GMT 2025","passed","Thu Sep 18 12:08:46 GMT 2025","xyz.npgw.test.run.FraudControlTest","test name","xyz.npgw.test.run.FraudControlTest","testCancelAddingFraudControlToBusinessUnit"
"Filtering transactions by Currency","18527","testFilterTransactionsByCurrency","suite name","Thu Sep 18 12:03:22 GMT 2025","passed","Thu Sep 18 12:03:40 GMT 2025","xyz.npgw.test.run.TransactionsTableTest","test name","xyz.npgw.test.run.TransactionsTableTest","testFilterTransactionsByCurrency"
"Edit Acquirer Mid and Verify Updated Data in the Table","10689","testEditAcquirerMid","suite name","Thu Sep 18 12:06:04 GMT 2025","passed","Thu Sep 18 12:06:15 GMT 2025","xyz.npgw.test.run.AcquirersPageTest","test name","xyz.npgw.test.run.AcquirersPageTest","testEditAcquirerMid"
"Filter transactions by business unit","5210","testFilterTransactionsByBusinessUnit","suite name","Thu Sep 18 12:03:14 GMT 2025","passed","Thu Sep 18 12:03:19 GMT 2025","xyz.npgw.test.run.TransactionsTableTest","test name","xyz.npgw.test.run.TransactionsTableTest","testFilterTransactionsByBusinessUnit"
"Editing a business unit updates its name while preserving the same ID","5219","testEditBusinessUnit","suite name","Thu Sep 18 12:12:44 GMT 2025","passed","Thu Sep 18 12:12:49 GMT 2025","xyz.npgw.test.run.CompaniesAndBusinessUnitsTest","test name","xyz.npgw.test.run.CompaniesAndBusinessUnitsTest","testEditBusinessUnit"
"The transaction table data on the UI matches the exported Excel file data.","62164","testTransactionTableMatchesDownloadedExcel","suite name","Thu Sep 18 12:07:38 GMT 2025","passed","Thu Sep 18 12:08:40 GMT 2025","xyz.npgw.test.run.TransactionsTableTest","test name","xyz.npgw.test.run.TransactionsTableTest","testTransactionTableMatchesDownloadedExcel"
"Verify, that contents of Tooltips, that appear after hovering on the icon-buttons, are correct","8275","testTooltipsContent","suite name","Thu Sep 18 12:12:13 GMT 2025","passed","Thu Sep 18 12:12:22 GMT 2025","xyz.npgw.test.run.CompaniesAndBusinessUnitsTest","test name","xyz.npgw.test.run.CompaniesAndBusinessUnitsTest","testTooltipsContent"
"User navigate to 'Dashboard page' after login","1000","testNavigateToDashboardAfterLoginAsTestUser","suite name","Thu Sep 18 12:18:00 GMT 2025","passed","Thu Sep 18 12:18:01 GMT 2025","xyz.npgw.test.run.TestUserDashboardPageTest","test name","xyz.npgw.test.run.TestUserDashboardPageTest","testNavigateToDashboardAfterLoginAsTestUser"
"Filter acquirers by status.","6552","testFilterAcquirersByStatus","suite name","Thu Sep 18 12:02:14 GMT 2025","passed","Thu Sep 18 12:02:21 GMT 2025","xyz.npgw.test.run.AcquirersPageTest","test name","xyz.npgw.test.run.AcquirersPageTest","testFilterAcquirersByStatus"
"Create company analyst under admin","24765","testCreateCompanyAnalystAndDeactivateAsAdmin","suite name","Thu Sep 18 12:14:50 GMT 2025","passed","Thu Sep 18 12:15:15 GMT 2025","xyz.npgw.test.run.TeamPageLogoutTest","test name","xyz.npgw.test.run.TeamPageLogoutTest","testCreateCompanyAnalystAndDeactivateAsAdmin"
"Check that after click on transactions in column NPGW reference user see transaction details","7686","testCheckTransactionDetails","suite name","Thu Sep 18 12:16:22 GMT 2025","passed","Thu Sep 18 12:16:29 GMT 2025","xyz.npgw.test.run.TransactionDetailsTest","test name","xyz.npgw.test.run.TransactionDetailsTest","testCheckTransactionDetails"
"Add new system admin under super admin","6849","testAddSystemAdmin","suite name","Thu Sep 18 12:11:04 GMT 2025","passed","Thu Sep 18 12:11:11 GMT 2025","xyz.npgw.test.run.TeamPageTest","test name","xyz.npgw.test.run.TeamPageTest","testAddSystemAdmin"
